1:0 5;1 5;2 5;3 5;4 5;5
2:0 4 5;1 5;2 5;3 5;4;5
3:0 4 5;1 5;2 5;3 5;4 5;5
4:0 4;1 4;2 5;3 5;4 5;5
5:0 4 5;1 4;2 5;3 5;4;5
6:0 4 5;1 4;2 5;3 5;4 5;5
7:0 4 5;1 4 5;2 5;3 5;4;5
8:0 4 5;1 4 5;2 5;3 5;4 5;5
9:0 4 5;1 4 5;2 4;3 5;4;5
10:0 4 5;1 4 5;2 4;3 5;4 5;5
11:0 4 5;1 4 5;2 4 5;3 5;4;5
12:0 4 5;1 4 5;2 4 5;3 5;4 5;5
13:0 4 5;1 4 5;2 4 5;3 4 5;4;5
14:0 4 5;1 4 5;2 4 5;3 4 5;4 5;5
15:0 3 5;1 4 5;2 5;3;4;5
16:0 3 5;1 4 5;2 5;3 5;4;5
17:0 3 5;1 4 5;2 5;3 5;4 5;5
18:0 3 5;1 4;2 4;3 5;4 5;5
19:0 3 5;1 4 5;2 4;3;4;5
20:0 3 5;1 4 5;2 4;3;4 5;5
21:0 3 5;1 4 5;2 4;3 5;4;5
22:0 3 5;1 4 5;2 4;3 5;4 5;5
23:0 3 5;1 4 5;2 4 5;3;4;5
24:0 3 5;1 4 5;2 4 5;3;4 5;5
25:0 3 5;1 4 5;2 4 5;3 5;4;5
26:0 3 5;1 4 5;2 4 5;3 5;4 5;5
27:0 3 4 5;1 5;2 5;3 4 5;4;5
28:0 3 4 5;1 5;2 5;3 4 5;4 5;5
29:0 3 4;1 4 5;2 5;3 5;4;5
30:0 3 4 5;1 4;2 5;3;4 5;5
31:0 3 4 5;1 4 5;2 5;3;4;5
32:0 3 4 5;1 4 5;2 5;3;4 5;5
33:0 3 4 5;1 4 5;2 5;3 5;4;5
34:0 3 4 5;1 4 5;2 5;3 5;4 5;5
35:0 3 4 5;1 4;2 5;3 4 5;4 5;5
36:0 3 4 5;1 4 5;2 5;3 4 5;4;5
37:0 3 4 5;1 4 5;2 5;3 4 5;4 5;5
38:0 3 4;1 4 5;2 4 5;3 5;4;5
39:0 3 4;1 4 5;2 4 5;3 5;4 5;5
40:0 3 4 5;1 4 5;2 4;3 5;4 5;5
41:0 3 4 5;1 4 5;2 4 5;3;4 5;5
42:0 3 4 5;1 4 5;2 4 5;3 5;4;5
43:0 3 4 5;1 4 5;2 4 5;3 5;4 5;5
44:0 3 4 5;1 4 5;2 4 5;3 4 5;4;5
45:0 3 4 5;1 4 5;2 4 5;3 4 5;4 5;5
46:0 3 4;1 3 5;2 4;3 5;4 5;5
47:0 3 4;1 3 5;2 4 5;3;4;5
48:0 3 4;1 3 5;2 4 5;3 5;4;5
49:0 3 4;1 3 5;2 4 5;3 5;4 5;5
50:0 3 4 5;1 3;2 4;3 5;4 5;5
51:0 3 4 5;1 3;2 4 5;3 5;4;5
52:0 3 4 5;1 3 5;2 4;3 5;4 5;5
53:0 3 4 5;1 3 5;2 4 5;3;4;5
54:0 3 4 5;1 3 5;2 4 5;3 5;4;5
55:0 3 4 5;1 3 5;2 4 5;3 5;4 5;5
56:0 3 4;1 3 5;2 4 5;3 4 5;4 5;5
57:0 3 4 5;1 3 5;2 4 5;3 4 5;4;5
58:0 3 4 5;1 3 5;2 4 5;3 4 5;4 5;5
59:0 3 4 5;1 3 4 5;2 5;3;4;5
60:0 3 4 5;1 3 4 5;2 5;3 5;4;5
61:0 3 4 5;1 3 4 5;2 5;3 5;4 5;5
62:0 3 4 5;1 3 4;2 5;3 4 5;4 5;5
63:0 3 4 5;1 3 4 5;2 5;3 4 5;4;5
64:0 3 4 5;1 3 4 5;2 5;3 4 5;4 5;5
65:0 3 4 5;1 3 4 5;2 4;3 5;4;5
66:0 3 4 5;1 3 4 5;2 4 5;3;4;5
67:0 3 4 5;1 3 4 5;2 4 5;3;4 5;5
68:0 3 4 5;1 3 4 5;2 4 5;3 5;4;5
69:0 3 4 5;1 3 4 5;2 4 5;3 5;4 5;5
70:0 3 4 5;1 3 4 5;2 4 5;3 4 5;4 5;5
71:0 3 4 5;1 3 4 5;2 3 4;3 5;4 5;5
72:0 3 4 5;1 3 4 5;2 3 4 5;3;4;5
73:0 3 4 5;1 3 4 5;2 3 4 5;3 5;4;5
74:0 3 4 5;1 3 4 5;2 3 4 5;3 5;4 5;5
75:0 3 4 5;1 3 4 5;2 3 4 5;3 4 5;4 5;5
76:0 2 4 5;1 3 5;2 4;3 5;4;5
77:0 2 4 5;1 3 5;2 4 5;3;4;5
78:0 2 4 5;1 3 5;2 4 5;3;4 5;5
79:0 2 4 5;1 3 5;2 4 5;3 5;4;5
80:0 2 4 5;1 3 5;2 4 5;3 5;4 5;5
81:0 2 4 5;1 3 4;2 4 5;3 5;4 5;5
82:0 2 4 5;1 3 4 5;2 4;3 5;4;5
83:0 2 4 5;1 3 4 5;2 4;3 5;4 5;5
84:0 2 4 5;1 3 4 5;2 4 5;3;4 5;5
85:0 2 4 5;1 3 4 5;2 4 5;3 5;4;5
86:0 2 4 5;1 3 4 5;2 4 5;3 5;4 5;5
87:0 2 4 5;1 3 4 5;2 4 5;3 4 5;4;5
88:0 2 4 5;1 3 4 5;2 4 5;3 4 5;4 5;5
89:0 2 3 4 5;1 5;2 3 4 5;3 4 5;4;5
90:0 2 3 4 5;1 5;2 3 4 5;3 4 5;4 5;5
91:0 2 3 4 5;1 4 5;2 3 4 5;3;4 5;5
92:0 2 3 4 5;1 4 5;2 3 4 5;3 5;4;5
93:0 2 3 4 5;1 4 5;2 3 4 5;3 5;4 5;5
94:0 2 3 4 5;1 4 5;2 3 4 5;3 4 5;4 5;5
95:0 2 3 5;1 3 4 5;2 4;3 5;4;5
96:0 2 3 5;1 3 4 5;2 4 5;3;4;5
97:0 2 3 5;1 3 4 5;2 4 5;3 5;4;5
98:0 2 3 5;1 3 4 5;2 4 5;3 5;4 5;5
99:0 2 3 4;1 3 4 5;2 4 5;3 5;4;5
100:0 2 3 4 5;1 3 4 5;2 4;3 5;4 5;5
101:0 2 3 4 5;1 3 4 5;2 4 5;3 5;4;5
102:0 2 3 4 5;1 3 4 5;2 4 5;3 5;4 5;5
103:0 2 3 4 5;1 3 4 5;2 4 5;3 4 5;4 5;5
104:0 2 3 4 5;1 3 4 5;2 3 4 5;3 4 5;4 5;5
105:0 2 3 4 5;1 2 3 4;2 4 5;3 5;4 5;5
106:0 2 3 4 5;1 2 3 4 5;2 4 5;3;4 5;5
107:0 2 3 4 5;1 2 3 4 5;2 4 5;3 5;4;5
108:0 2 3 4 5;1 2 3 4 5;2 4 5;3 5;4 5;5
109:0 2 3 4 5;1 2 3 4 5;2 4 5;3 4 5;4;5
110:0 2 3 4 5;1 2 3 4 5;2 4 5;3 4 5;4 5;5
111:0 2 3 4 5;1 2 3 4 5;2 3 4 5;3 4 5;4 5;5
112:0 1 2 3 4 5;1 2 3 4 5;2 3 4 5;3 4 5;4 5;5
