1:0 4;1 4;2 4;3 4;4
2:0 3 4;1 4;2 4;3;4
3:0 3 4;1 4;2 4;3 4;4
4:0 3 4;1 3;2 4;3 4;4
5:0 3 4;1 3 4;2 4;3;4
6:0 3 4;1 3 4;2 4;3 4;4
7:0 3 4;1 3 4;2 3 4;3;4
8:0 3 4;1 3 4;2 3 4;3 4;4
9:0 2 4;1 3 4;2;3;4
10:0 2 4;1 3 4;2 4;3;4
11:0 2 4;1 3 4;2 4;3 4;4
12:0 2 3 4;1 4;2 3 4;3;4
13:0 2 3 4;1 4;2 3 4;3 4;4
14:0 2 3;1 3 4;2 4;3;4
15:0 2 3 4;1 3 4;2 4;3;4
16:0 2 3 4;1 3 4;2 4;3 4;4
17:0 2 3 4;1 3 4;2 3 4;3 4;4
18:0 2 3 4;1 2 3 4;2 4;3;4
19:0 2 3 4;1 2 3 4;2 4;3 4;4
20:0 2 3 4;1 2 3 4;2 3 4;3 4;4
21:0 1 2 3 4;1 2 3 4;2 3 4;3 4;4
