1:0 6;1 6;2 6;3 6;4 6;5 6;6
2:0 5 6;1 6;2 6;3 6;4 6;5;6
3:0 5 6;1 6;2 6;3 6;4 6;5 6;6
4:0 5;1 5;2 6;3 6;4 6;5 6;6
5:0 5 6;1 5;2 6;3 6;4 6;5;6
6:0 5 6;1 5;2 6;3 6;4 6;5 6;6
7:0 5 6;1 5 6;2 6;3 6;4 6;5;6
8:0 5 6;1 5 6;2 6;3 6;4 6;5 6;6
9:0 5 6;1 5;2 5;3 6;4 6;5;6
10:0 5 6;1 5;2 5;3 6;4 6;5 6;6
11:0 5 6;1 5 6;2 5;3 6;4 6;5;6
12:0 5 6;1 5 6;2 5;3 6;4 6;5 6;6
13:0 5 6;1 5 6;2 5 6;3 6;4 6;5;6
14:0 5 6;1 5 6;2 5 6;3 6;4 6;5 6;6
15:0 5 6;1 5 6;2 5 6;3 5;4 6;5;6
16:0 5 6;1 5 6;2 5 6;3 5;4 6;5 6;6
17:0 5 6;1 5 6;2 5 6;3 5 6;4 6;5;6
18:0 5 6;1 5 6;2 5 6;3 5 6;4 6;5 6;6
19:0 5 6;1 5 6;2 5 6;3 5 6;4 5 6;5;6
20:0 5 6;1 5 6;2 5 6;3 5 6;4 5 6;5 6;6
21:0 4 6;1 5 6;2 6;3 6;4;5;6
22:0 4 6;1 5 6;2 6;3 6;4 6;5;6
23:0 4 6;1 5 6;2 6;3 6;4 6;5 6;6
24:0 4 6;1 5;2 5;3 6;4;5 6;6
25:0 4 6;1 5;2 5;3 6;4 6;5 6;6
26:0 4 6;1 5 6;2 5;3 6;4;5;6
27:0 4 6;1 5 6;2 5;3 6;4;5 6;6
28:0 4 6;1 5 6;2 5;3 6;4 6;5;6
29:0 4 6;1 5 6;2 5;3 6;4 6;5 6;6
30:0 4 6;1 5 6;2 5 6;3 6;4;5;6
31:0 4 6;1 5 6;2 5 6;3 6;4;5 6;6
32:0 4 6;1 5 6;2 5 6;3 6;4 6;5;6
33:0 4 6;1 5 6;2 5 6;3 6;4 6;5 6;6
34:0 4 6;1 5 6;2 5;3 5;4 6;5;6
35:0 4 6;1 5 6;2 5;3 5;4 6;5 6;6
36:0 4 6;1 5 6;2 5 6;3 5;4;5;6
37:0 4 6;1 5 6;2 5 6;3 5;4;5 6;6
38:0 4 6;1 5 6;2 5 6;3 5;4 6;5;6
39:0 4 6;1 5 6;2 5 6;3 5;4 6;5 6;6
40:0 4 6;1 5 6;2 5 6;3 5 6;4;5;6
41:0 4 6;1 5 6;2 5 6;3 5 6;4;5 6;6
42:0 4 6;1 5 6;2 5 6;3 5 6;4 6;5;6
43:0 4 6;1 5 6;2 5 6;3 5 6;4 6;5 6;6
44:0 4 5 6;1 6;2 6;3 6;4 5;5;6
45:0 4 5 6;1 6;2 6;3 6;4 5 6;5;6
46:0 4 5 6;1 6;2 6;3 6;4 5 6;5 6;6
47:0 4 5;1 5 6;2 6;3 6;4;5;6
48:0 4 5;1 5 6;2 6;3 6;4 6;5;6
49:0 4 5 6;1 5;2 6;3 6;4;5 6;6
50:0 4 5 6;1 5;2 6;3 6;4 6;5;6
51:0 4 5 6;1 5 6;2 6;3 6;4;5;6
52:0 4 5 6;1 5 6;2 6;3 6;4;5 6;6
53:0 4 5 6;1 5 6;2 6;3 6;4 6;5;6
54:0 4 5 6;1 5 6;2 6;3 6;4 6;5 6;6
55:0 4 5 6;1 5;2 6;3 6;4 5 6;5;6
56:0 4 5 6;1 5;2 6;3 6;4 5 6;5 6;6
57:0 4 5 6;1 5 6;2 6;3 6;4 5;5;6
58:0 4 5 6;1 5 6;2 6;3 6;4 5;5 6;6
59:0 4 5 6;1 5 6;2 6;3 6;4 5 6;5;6
60:0 4 5 6;1 5 6;2 6;3 6;4 5 6;5 6;6
61:0 4 5;1 5 6;2 5;3 6;4 6;5;6
62:0 4 5;1 5 6;2 5;3 6;4 6;5 6;6
63:0 4 5;1 5 6;2 5 6;3 6;4 6;5;6
64:0 4 5;1 5 6;2 5 6;3 6;4 6;5 6;6
65:0 4 5 6;1 5;2 5;3 6;4 6;5 6;6
66:0 4 5 6;1 5 6;2 5;3 6;4;5 6;6
67:0 4 5 6;1 5 6;2 5;3 6;4 6;5;6
68:0 4 5 6;1 5 6;2 5;3 6;4 6;5 6;6
69:0 4 5 6;1 5 6;2 5 6;3 6;4;5;6
70:0 4 5 6;1 5 6;2 5 6;3 6;4;5 6;6
71:0 4 5 6;1 5 6;2 5 6;3 6;4 6;5;6
72:0 4 5 6;1 5 6;2 5 6;3 6;4 6;5 6;6
73:0 4 5 6;1 5 6;2 5;3 6;4 5 6;5;6
74:0 4 5 6;1 5 6;2 5;3 6;4 5 6;5 6;6
75:0 4 5 6;1 5 6;2 5 6;3 6;4 5 6;5;6
76:0 4 5 6;1 5 6;2 5 6;3 6;4 5 6;5 6;6
77:0 4 5;1 5 6;2 5 6;3 5 6;4 6;5;6
78:0 4 5;1 5 6;2 5 6;3 5 6;4 6;5 6;6
79:0 4 5 6;1 5 6;2 5 6;3 5;4 6;5;6
80:0 4 5 6;1 5 6;2 5 6;3 5;4 6;5 6;6
81:0 4 5 6;1 5 6;2 5 6;3 5 6;4;5;6
82:0 4 5 6;1 5 6;2 5 6;3 5 6;4;5 6;6
83:0 4 5 6;1 5 6;2 5 6;3 5 6;4 6;5;6
84:0 4 5 6;1 5 6;2 5 6;3 5 6;4 6;5 6;6
85:0 4 5 6;1 5 6;2 5 6;3 5 6;4 5 6;5;6
86:0 4 5 6;1 5 6;2 5 6;3 5 6;4 5 6;5 6;6
87:0 4;1 4;2 5 6;3 5 6;4 6;5;6
88:0 4 6;1 4;2 5;3 5;4 6;5 6;6
89:0 4 6;1 4;2 5 6;3 5;4 6;5;6
90:0 4 6;1 4;2 5 6;3 5;4 6;5 6;6
91:0 4 6;1 4;2 5 6;3 5 6;4 6;5;6
92:0 4 6;1 4 6;2 5;3 5;4 6;5 6;6
93:0 4 6;1 4 6;2 5 6;3 5;4;5;6
94:0 4 6;1 4 6;2 5 6;3 5;4 6;5;6
95:0 4 6;1 4 6;2 5 6;3 5;4 6;5 6;6
96:0 4 6;1 4 6;2 5 6;3 5 6;4;5;6
97:0 4 6;1 4 6;2 5 6;3 5 6;4 6;5;6
98:0 4 6;1 4 6;2 5 6;3 5 6;4 6;5 6;6
99:0 4 6;1 4;2 5 6;3 5;4 5 6;5 6;6
100:0 4 6;1 4;2 5 6;3 5 6;4 5 6;5;6
101:0 4 6;1 4 6;2 5;3 5;4 5 6;5 6;6
102:0 4 6;1 4 6;2 5 6;3 5;4 5 6;5;6
103:0 4 6;1 4 6;2 5 6;3 5;4 5 6;5 6;6
104:0 4 6;1 4 6;2 5 6;3 5 6;4 5;5;6
105:0 4 6;1 4 6;2 5 6;3 5 6;4 5 6;5;6
106:0 4 6;1 4 6;2 5 6;3 5 6;4 5 6;5 6;6
107:0 4 5;1 4;2 5;3 6;4 6;5 6;6
108:0 4 5;1 4;2 5 6;3 6;4 6;5;6
109:0 4 5;1 4 6;2 5;3 6;4 6;5 6;6
110:0 4 5;1 4 6;2 5 6;3 6;4;5;6
111:0 4 5;1 4 6;2 5 6;3 6;4 6;5;6
112:0 4 5;1 4 6;2 5 6;3 6;4 6;5 6;6
113:0 4 5 6;1 4;2 5;3 6;4 6;5 6;6
114:0 4 5 6;1 4;2 5 6;3 6;4 6;5;6
115:0 4 5 6;1 4 6;2 5;3 6;4 6;5;6
116:0 4 5 6;1 4 6;2 5;3 6;4 6;5 6;6
117:0 4 5 6;1 4 6;2 5 6;3 6;4;5;6
118:0 4 5 6;1 4 6;2 5 6;3 6;4 6;5;6
119:0 4 5 6;1 4 6;2 5 6;3 6;4 6;5 6;6
120:0 4 5;1 4 6;2 5 6;3 6;4 5 6;5;6
121:0 4 5;1 4 6;2 5 6;3 6;4 5 6;5 6;6
122:0 4 5 6;1 4;2 5;3 6;4 5 6;5 6;6
123:0 4 5 6;1 4;2 5 6;3 6;4 5 6;5;6
124:0 4 5 6;1 4 6;2 5;3 6;4 5 6;5;6
125:0 4 5 6;1 4 6;2 5;3 6;4 5 6;5 6;6
126:0 4 5 6;1 4 6;2 5 6;3 6;4 5;5;6
127:0 4 5 6;1 4 6;2 5 6;3 6;4 5 6;5;6
128:0 4 5 6;1 4 6;2 5 6;3 6;4 5 6;5 6;6
129:0 4 5;1 4;2 5 6;3 5 6;4 6;5;6
130:0 4 5;1 4 6;2 5 6;3 5;4 6;5;6
131:0 4 5;1 4 6;2 5 6;3 5 6;4;5;6
132:0 4 5;1 4 6;2 5 6;3 5 6;4;5 6;6
133:0 4 5;1 4 6;2 5 6;3 5 6;4 6;5;6
134:0 4 5;1 4 6;2 5 6;3 5 6;4 6;5 6;6
135:0 4 5 6;1 4;2 5 6;3 5 6;4;5 6;6
136:0 4 5 6;1 4;2 5 6;3 5 6;4 6;5;6
137:0 4 5 6;1 4;2 5 6;3 5 6;4 6;5 6;6
138:0 4 5 6;1 4 6;2 5;3 5;4 6;5 6;6
139:0 4 5 6;1 4 6;2 5 6;3 5;4;5 6;6
140:0 4 5 6;1 4 6;2 5 6;3 5;4 6;5;6
141:0 4 5 6;1 4 6;2 5 6;3 5;4 6;5 6;6
142:0 4 5 6;1 4 6;2 5 6;3 5 6;4;5;6
143:0 4 5 6;1 4 6;2 5 6;3 5 6;4;5 6;6
144:0 4 5 6;1 4 6;2 5 6;3 5 6;4 6;5;6
145:0 4 5 6;1 4 6;2 5 6;3 5 6;4 6;5 6;6
146:0 4 5;1 4 6;2 5 6;3 5 6;4 5 6;5 6;6
147:0 4 5 6;1 4;2 5 6;3 5 6;4 5 6;5 6;6
148:0 4 5 6;1 4 6;2 5 6;3 5;4 5 6;5 6;6
149:0 4 5 6;1 4 6;2 5 6;3 5 6;4 5;5;6
150:0 4 5 6;1 4 6;2 5 6;3 5 6;4 5;5 6;6
151:0 4 5 6;1 4 6;2 5 6;3 5 6;4 5 6;5;6
152:0 4 5 6;1 4 6;2 5 6;3 5 6;4 5 6;5 6;6
153:0 4 5 6;1 4 5;2 6;3 6;4 6;5;6
154:0 4 5 6;1 4 5 6;2 6;3 6;4;5;6
155:0 4 5 6;1 4 5 6;2 6;3 6;4 6;5;6
156:0 4 5 6;1 4 5 6;2 6;3 6;4 6;5 6;6
157:0 4 5 6;1 4 5;2 6;3 6;4 5 6;5 6;6
158:0 4 5 6;1 4 5 6;2 6;3 6;4 5;5;6
159:0 4 5 6;1 4 5 6;2 6;3 6;4 5 6;5;6
160:0 4 5 6;1 4 5 6;2 6;3 6;4 5 6;5 6;6
161:0 4 5 6;1 4 5;2 5 6;3 6;4 6;5;6
162:0 4 5 6;1 4 5;2 5 6;3 6;4 6;5 6;6
163:0 4 5 6;1 4 5 6;2 5;3 6;4;5;6
164:0 4 5 6;1 4 5 6;2 5;3 6;4;5 6;6
165:0 4 5 6;1 4 5 6;2 5;3 6;4 6;5;6
166:0 4 5 6;1 4 5 6;2 5;3 6;4 6;5 6;6
167:0 4 5 6;1 4 5 6;2 5 6;3 6;4;5;6
168:0 4 5 6;1 4 5 6;2 5 6;3 6;4;5 6;6
169:0 4 5 6;1 4 5 6;2 5 6;3 6;4 6;5;6
170:0 4 5 6;1 4 5 6;2 5 6;3 6;4 6;5 6;6
171:0 4 5 6;1 4 5 6;2 5;3 6;4 5 6;5 6;6
172:0 4 5 6;1 4 5 6;2 5 6;3 6;4 5;5;6
173:0 4 5 6;1 4 5 6;2 5 6;3 6;4 5;5 6;6
174:0 4 5 6;1 4 5 6;2 5 6;3 6;4 5 6;5;6
175:0 4 5 6;1 4 5 6;2 5 6;3 6;4 5 6;5 6;6
176:0 4 5 6;1 4 5 6;2 5 6;3 5 6;4;5;6
177:0 4 5 6;1 4 5 6;2 5 6;3 5 6;4;5 6;6
178:0 4 5 6;1 4 5 6;2 5 6;3 5 6;4 6;5;6
179:0 4 5 6;1 4 5 6;2 5 6;3 5 6;4 6;5 6;6
180:0 4 5 6;1 4 5 6;2 5 6;3 5 6;4 5 6;5;6
181:0 4 5 6;1 4 5 6;2 5 6;3 5 6;4 5 6;5 6;6
182:0 4 5;1 4 5;2 4 6;3 5 6;4 6;5 6;6
183:0 4 5 6;1 4 5;2 4 6;3 5;4 6;5 6;6
184:0 4 5 6;1 4 5;2 4 6;3 5 6;4 6;5;6
185:0 4 5 6;1 4 5;2 4 6;3 5 6;4 6;5 6;6
186:0 4 5 6;1 4 5 6;2 4;3 5;4 6;5 6;6
187:0 4 5 6;1 4 5 6;2 4;3 5 6;4 6;5;6
188:0 4 5 6;1 4 5 6;2 4 6;3 5;4 6;5;6
189:0 4 5 6;1 4 5 6;2 4 6;3 5;4 6;5 6;6
190:0 4 5 6;1 4 5 6;2 4 6;3 5 6;4;5;6
191:0 4 5 6;1 4 5 6;2 4 6;3 5 6;4 6;5;6
192:0 4 5 6;1 4 5 6;2 4 6;3 5 6;4 6;5 6;6
193:0 4 5 6;1 4 5;2 4 6;3 5 6;4 5 6;5 6;6
194:0 4 5 6;1 4 5 6;2 4 6;3 5 6;4 5 6;5;6
195:0 4 5 6;1 4 5 6;2 4 6;3 5 6;4 5 6;5 6;6
196:0 4 5 6;1 4 5;2 4 5;3 6;4 6;5 6;6
197:0 4 5 6;1 4 5 6;2 4 5;3 6;4 6;5 6;6
198:0 4 5 6;1 4 5 6;2 4 5 6;3 6;4;5;6
199:0 4 5 6;1 4 5 6;2 4 5 6;3 6;4 6;5;6
200:0 4 5 6;1 4 5 6;2 4 5 6;3 6;4 6;5 6;6
201:0 4 5 6;1 4 5 6;2 4 5;3 6;4 5 6;5 6;6
202:0 4 5 6;1 4 5 6;2 4 5 6;3 6;4 5 6;5;6
203:0 4 5 6;1 4 5 6;2 4 5 6;3 6;4 5 6;5 6;6
204:0 4 5 6;1 4 5 6;2 4 5;3 5 6;4 6;5;6
205:0 4 5 6;1 4 5 6;2 4 5 6;3 5;4 6;5;6
206:0 4 5 6;1 4 5 6;2 4 5 6;3 5 6;4;5;6
207:0 4 5 6;1 4 5 6;2 4 5 6;3 5 6;4;5 6;6
208:0 4 5 6;1 4 5 6;2 4 5 6;3 5 6;4 6;5;6
209:0 4 5 6;1 4 5 6;2 4 5 6;3 5 6;4 6;5 6;6
210:0 4 5 6;1 4 5 6;2 4 5 6;3 5 6;4 5 6;5 6;6
211:0 4 5 6;1 4 5 6;2 4 5 6;3 4 5;4 6;5 6;6
212:0 4 5 6;1 4 5 6;2 4 5 6;3 4 5 6;4;5;6
213:0 4 5 6;1 4 5 6;2 4 5 6;3 4 5 6;4 6;5;6
214:0 4 5 6;1 4 5 6;2 4 5 6;3 4 5 6;4 6;5 6;6
215:0 4 5 6;1 4 5 6;2 4 5 6;3 4 5 6;4 5 6;5 6;6
216:0 3 6;1 4 6;2 5 6;3;4;5;6
217:0 3 6;1 4 6;2 5 6;3 6;4;5;6
218:0 3 6;1 4 6;2 5 6;3 6;4 6;5;6
219:0 3 6;1 4 6;2 5 6;3 6;4 6;5 6;6
220:0 3 5 6;1 4 6;2 6;3 5;4 6;5;6
221:0 3 5 6;1 4 6;2 6;3 5 6;4;5;6
222:0 3 5 6;1 4 6;2 6;3 5 6;4;5 6;6
223:0 3 5 6;1 4 6;2 6;3 5 6;4 6;5;6
224:0 3 5 6;1 4 6;2 6;3 5 6;4 6;5 6;6
225:0 3 5;1 4 6;2 5 6;3;4;5;6
226:0 3 5;1 4 6;2 5 6;3;4 6;5;6
227:0 3 5;1 4 6;2 5 6;3 6;4;5;6
228:0 3 5;1 4 6;2 5 6;3 6;4 6;5;6
229:0 3 5 6;1 4 6;2 5;3;4;5 6;6
230:0 3 5 6;1 4 6;2 5;3;4 6;5;6
231:0 3 5 6;1 4 6;2 5;3;4 6;5 6;6
232:0 3 5 6;1 4 6;2 5;3 6;4;5;6
233:0 3 5 6;1 4 6;2 5;3 6;4 6;5;6
234:0 3 5 6;1 4 6;2 5 6;3;4;5;6
235:0 3 5 6;1 4 6;2 5 6;3;4;5 6;6
236:0 3 5 6;1 4 6;2 5 6;3;4 6;5;6
237:0 3 5 6;1 4 6;2 5 6;3;4 6;5 6;6
238:0 3 5 6;1 4 6;2 5 6;3 6;4;5;6
239:0 3 5 6;1 4 6;2 5 6;3 6;4;5 6;6
240:0 3 5 6;1 4 6;2 5 6;3 6;4 6;5;6
241:0 3 5 6;1 4 6;2 5 6;3 6;4 6;5 6;6
242:0 3 5;1 4 6;2 5 6;3 5;4 6;5;6
243:0 3 5;1 4 6;2 5 6;3 5;4 6;5 6;6
244:0 3 5 6;1 4 6;2 5;3 5;4 6;5 6;6
245:0 3 5 6;1 4 6;2 5;3 5 6;4;5 6;6
246:0 3 5 6;1 4 6;2 5;3 5 6;4 6;5;6
247:0 3 5 6;1 4 6;2 5;3 5 6;4 6;5 6;6
248:0 3 5 6;1 4 6;2 5 6;3 5;4 6;5;6
249:0 3 5 6;1 4 6;2 5 6;3 5;4 6;5 6;6
250:0 3 5 6;1 4 6;2 5 6;3 5 6;4;5;6
251:0 3 5 6;1 4 6;2 5 6;3 5 6;4;5 6;6
252:0 3 5 6;1 4 6;2 5 6;3 5 6;4 6;5;6
253:0 3 5 6;1 4 6;2 5 6;3 5 6;4 6;5 6;6
254:0 3 5 6;1 4 5;2 6;3 5 6;4 6;5;6
255:0 3 5 6;1 4 5;2 6;3 5 6;4 6;5 6;6
256:0 3 5 6;1 4 5 6;2 6;3 5;4;5;6
257:0 3 5 6;1 4 5 6;2 6;3 5;4 6;5;6
258:0 3 5 6;1 4 5 6;2 6;3 5;4 6;5 6;6
259:0 3 5 6;1 4 5 6;2 6;3 5 6;4;5;6
260:0 3 5 6;1 4 5 6;2 6;3 5 6;4;5 6;6
261:0 3 5 6;1 4 5 6;2 6;3 5 6;4 6;5;6
262:0 3 5 6;1 4 5 6;2 6;3 5 6;4 6;5 6;6
263:0 3 5 6;1 4 5 6;2 6;3 5 6;4 5 6;5;6
264:0 3 5 6;1 4 5 6;2 6;3 5 6;4 5 6;5 6;6
265:0 3 5;1 4 5;2 5 6;3 6;4 6;5;6
266:0 3 5;1 4 5;2 5 6;3 6;4 6;5 6;6
267:0 3 5;1 4 5 6;2 5 6;3 6;4;5 6;6
268:0 3 5 6;1 4 5;2 5;3 6;4 6;5 6;6
269:0 3 5 6;1 4 5;2 5 6;3 6;4;5 6;6
270:0 3 5 6;1 4 5;2 5 6;3 6;4 6;5;6
271:0 3 5 6;1 4 5;2 5 6;3 6;4 6;5 6;6
272:0 3 5 6;1 4 5 6;2 5;3 6;4;5 6;6
273:0 3 5 6;1 4 5 6;2 5;3 6;4 6;5;6
274:0 3 5 6;1 4 5 6;2 5;3 6;4 6;5 6;6
275:0 3 5 6;1 4 5 6;2 5 6;3;4;5 6;6
276:0 3 5 6;1 4 5 6;2 5 6;3 6;4;5;6
277:0 3 5 6;1 4 5 6;2 5 6;3 6;4;5 6;6
278:0 3 5 6;1 4 5 6;2 5 6;3 6;4 6;5;6
279:0 3 5 6;1 4 5 6;2 5 6;3 6;4 6;5 6;6
280:0 3 5 6;1 4 5;2 5 6;3 5 6;4 6;5;6
281:0 3 5 6;1 4 5;2 5 6;3 5 6;4 6;5 6;6
282:0 3 5 6;1 4 5 6;2 5;3 5 6;4 6;5;6
283:0 3 5 6;1 4 5 6;2 5;3 5 6;4 6;5 6;6
284:0 3 5 6;1 4 5 6;2 5 6;3 5;4 6;5;6
285:0 3 5 6;1 4 5 6;2 5 6;3 5;4 6;5 6;6
286:0 3 5 6;1 4 5 6;2 5 6;3 5 6;4;5;6
287:0 3 5 6;1 4 5 6;2 5 6;3 5 6;4;5 6;6
288:0 3 5 6;1 4 5 6;2 5 6;3 5 6;4 6;5;6
289:0 3 5 6;1 4 5 6;2 5 6;3 5 6;4 6;5 6;6
290:0 3 5 6;1 4 5 6;2 5 6;3 5 6;4 5 6;5;6
291:0 3 5 6;1 4 5 6;2 5 6;3 5 6;4 5 6;5 6;6
292:0 3 6;1 4 5 6;2 4 5;3 6;4;5;6
293:0 3 6;1 4 5 6;2 4 5;3 6;4 6;5;6
294:0 3 6;1 4 5 6;2 4 5 6;3;4;5;6
295:0 3 6;1 4 5 6;2 4 5 6;3;4 6;5;6
296:0 3 6;1 4 5 6;2 4 5 6;3;4 6;5 6;6
297:0 3 6;1 4 5 6;2 4 5 6;3 6;4;5;6
298:0 3 6;1 4 5 6;2 4 5 6;3 6;4 6;5;6
299:0 3 6;1 4 5 6;2 4 5 6;3 6;4 6;5 6;6
300:0 3 6;1 4 5;2 4 5;3 6;4 5 6;5 6;6
301:0 3 6;1 4 5 6;2 4 5;3;4 5 6;5 6;6
302:0 3 6;1 4 5 6;2 4 5;3 6;4 5 6;5;6
303:0 3 6;1 4 5 6;2 4 5;3 6;4 5 6;5 6;6
304:0 3 6;1 4 5 6;2 4 5 6;3;4 5 6;5;6
305:0 3 6;1 4 5 6;2 4 5 6;3;4 5 6;5 6;6
306:0 3 6;1 4 5 6;2 4 5 6;3 6;4 5;5;6
307:0 3 6;1 4 5 6;2 4 5 6;3 6;4 5 6;5;6
308:0 3 6;1 4 5 6;2 4 5 6;3 6;4 5 6;5 6;6
309:0 3 5 6;1 4;2 4;3 5 6;4 5 6;5 6;6
310:0 3 5 6;1 4 6;2 4;3 5 6;4 5;5 6;6
311:0 3 5 6;1 4 6;2 4;3 5 6;4 5 6;5;6
312:0 3 5 6;1 4 6;2 4;3 5 6;4 5 6;5 6;6
313:0 3 5 6;1 4 6;2 4 6;3 5;4 5;5 6;6
314:0 3 5 6;1 4 6;2 4 6;3 5;4 5 6;5;6
315:0 3 5 6;1 4 6;2 4 6;3 5;4 5 6;5 6;6
316:0 3 5 6;1 4 6;2 4 6;3 5 6;4 5;5;6
317:0 3 5 6;1 4 6;2 4 6;3 5 6;4 5;5 6;6
318:0 3 5 6;1 4 6;2 4 6;3 5 6;4 5 6;5;6
319:0 3 5 6;1 4 6;2 4 6;3 5 6;4 5 6;5 6;6
320:0 3 5;1 4 5;2 4 6;3 6;4 5 6;5 6;6
321:0 3 5;1 4 5 6;2 4;3 6;4 5 6;5 6;6
322:0 3 5;1 4 5 6;2 4 6;3 6;4 5;5 6;6
323:0 3 5;1 4 5 6;2 4 6;3 6;4 5 6;5;6
324:0 3 5;1 4 5 6;2 4 6;3 6;4 5 6;5 6;6
325:0 3 5 6;1 4 5;2 4;3 6;4 5 6;5 6;6
326:0 3 5 6;1 4 5;2 4 6;3;4 5 6;5 6;6
327:0 3 5 6;1 4 5;2 4 6;3 6;4 5;5 6;6
328:0 3 5 6;1 4 5;2 4 6;3 6;4 5 6;5;6
329:0 3 5 6;1 4 5;2 4 6;3 6;4 5 6;5 6;6
330:0 3 5 6;1 4 5 6;2 4;3;4 5 6;5 6;6
331:0 3 5 6;1 4 5 6;2 4;3 6;4 5;5 6;6
332:0 3 5 6;1 4 5 6;2 4;3 6;4 5 6;5;6
333:0 3 5 6;1 4 5 6;2 4;3 6;4 5 6;5 6;6
334:0 3 5 6;1 4 5 6;2 4 6;3;4 5;5 6;6
335:0 3 5 6;1 4 5 6;2 4 6;3;4 5 6;5 6;6
336:0 3 5 6;1 4 5 6;2 4 6;3 6;4 5;5;6
337:0 3 5 6;1 4 5 6;2 4 6;3 6;4 5;5 6;6
338:0 3 5 6;1 4 5 6;2 4 6;3 6;4 5 6;5;6
339:0 3 5 6;1 4 5 6;2 4 6;3 6;4 5 6;5 6;6
340:0 3 5 6;1 4 5;2 4;3 5 6;4 6;5;6
341:0 3 5 6;1 4 5;2 4 6;3 5;4 6;5;6
342:0 3 5 6;1 4 5;2 4 6;3 5 6;4;5 6;6
343:0 3 5 6;1 4 5;2 4 6;3 5 6;4 6;5;6
344:0 3 5 6;1 4 5;2 4 6;3 5 6;4 6;5 6;6
345:0 3 5 6;1 4 5 6;2 4;3 5;4 6;5;6
346:0 3 5 6;1 4 5 6;2 4;3 5 6;4;5 6;6
347:0 3 5 6;1 4 5 6;2 4;3 5 6;4 6;5;6
348:0 3 5 6;1 4 5 6;2 4;3 5 6;4 6;5 6;6
349:0 3 5 6;1 4 5 6;2 4 6;3 5;4;5;6
350:0 3 5 6;1 4 5 6;2 4 6;3 5;4 6;5;6
351:0 3 5 6;1 4 5 6;2 4 6;3 5;4 6;5 6;6
352:0 3 5 6;1 4 5 6;2 4 6;3 5 6;4;5;6
353:0 3 5 6;1 4 5 6;2 4 6;3 5 6;4;5 6;6
354:0 3 5 6;1 4 5 6;2 4 6;3 5 6;4 6;5;6
355:0 3 5 6;1 4 5 6;2 4 6;3 5 6;4 6;5 6;6
356:0 3 5 6;1 4 5;2 4 6;3 5 6;4 5 6;5 6;6
357:0 3 5 6;1 4 5 6;2 4;3 5 6;4 5 6;5 6;6
358:0 3 5 6;1 4 5 6;2 4 6;3 5 6;4 5;5;6
359:0 3 5 6;1 4 5 6;2 4 6;3 5 6;4 5;5 6;6
360:0 3 5 6;1 4 5 6;2 4 6;3 5 6;4 5 6;5;6
361:0 3 5 6;1 4 5 6;2 4 6;3 5 6;4 5 6;5 6;6
362:0 3 5;1 4 5 6;2 4 5 6;3;4 6;5;6
363:0 3 5;1 4 5 6;2 4 5 6;3 6;4;5;6
364:0 3 5;1 4 5 6;2 4 5 6;3 6;4;5 6;6
365:0 3 5;1 4 5 6;2 4 5 6;3 6;4 6;5;6
366:0 3 5;1 4 5 6;2 4 5 6;3 6;4 6;5 6;6
367:0 3 5 6;1 4 5;2 4 5;3 6;4 6;5;6
368:0 3 5 6;1 4 5 6;2 4 5;3;4 6;5;6
369:0 3 5 6;1 4 5 6;2 4 5;3 6;4;5 6;6
370:0 3 5 6;1 4 5 6;2 4 5;3 6;4 6;5;6
371:0 3 5 6;1 4 5 6;2 4 5;3 6;4 6;5 6;6
372:0 3 5 6;1 4 5 6;2 4 5 6;3;4;5;6
373:0 3 5 6;1 4 5 6;2 4 5 6;3;4;5 6;6
374:0 3 5 6;1 4 5 6;2 4 5 6;3;4 6;5;6
375:0 3 5 6;1 4 5 6;2 4 5 6;3;4 6;5 6;6
376:0 3 5 6;1 4 5 6;2 4 5 6;3 6;4;5;6
377:0 3 5 6;1 4 5 6;2 4 5 6;3 6;4;5 6;6
378:0 3 5 6;1 4 5 6;2 4 5 6;3 6;4 6;5;6
379:0 3 5 6;1 4 5 6;2 4 5 6;3 6;4 6;5 6;6
380:0 3 5;1 4 5 6;2 4 5 6;3 6;4 5 6;5 6;6
381:0 3 5 6;1 4 5 6;2 4 5;3 6;4 5 6;5 6;6
382:0 3 5 6;1 4 5 6;2 4 5 6;3;4 5 6;5 6;6
383:0 3 5 6;1 4 5 6;2 4 5 6;3 6;4 5;5;6
384:0 3 5 6;1 4 5 6;2 4 5 6;3 6;4 5;5 6;6
385:0 3 5 6;1 4 5 6;2 4 5 6;3 6;4 5 6;5;6
386:0 3 5 6;1 4 5 6;2 4 5 6;3 6;4 5 6;5 6;6
387:0 3 5 6;1 4 5 6;2 4 5 6;3 5 6;4;5;6
388:0 3 5 6;1 4 5 6;2 4 5 6;3 5 6;4;5 6;6
389:0 3 5 6;1 4 5 6;2 4 5 6;3 5 6;4 6;5;6
390:0 3 5 6;1 4 5 6;2 4 5 6;3 5 6;4 6;5 6;6
391:0 3 5 6;1 4 5 6;2 4 5 6;3 5 6;4 5 6;5;6
392:0 3 5 6;1 4 5 6;2 4 5 6;3 5 6;4 5 6;5 6;6
393:0 3 4 6;1 5;2 5;3 4 6;4;5 6;6
394:0 3 4 6;1 5;2 5;3 4 6;4 6;5 6;6
395:0 3 4 6;1 5 6;2 5;3 4;4;5 6;6
396:0 3 4 6;1 5 6;2 5;3 4 6;4;5;6
397:0 3 4 6;1 5 6;2 5;3 4 6;4;5 6;6
398:0 3 4 6;1 5 6;2 5;3 4 6;4 6;5;6
399:0 3 4 6;1 5 6;2 5;3 4 6;4 6;5 6;6
400:0 3 4 6;1 5 6;2 5 6;3 4;4;5 6;6
401:0 3 4 6;1 5 6;2 5 6;3 4 6;4;5;6
402:0 3 4 6;1 5 6;2 5 6;3 4 6;4;5 6;6
403:0 3 4 6;1 5 6;2 5 6;3 4 6;4 6;5;6
404:0 3 4 6;1 5 6;2 5 6;3 4 6;4 6;5 6;6
405:0 3 4 5 6;1 6;2 6;3 4 5 6;4 5 6;5;6
406:0 3 4 5 6;1 6;2 6;3 4 5 6;4 5 6;5 6;6
407:0 3 4 5 6;1 5;2 6;3 4 5 6;4 5 6;5 6;6
408:0 3 4 5 6;1 5 6;2 6;3 4 5 6;4 5 6;5;6
409:0 3 4 5 6;1 5 6;2 6;3 4 5 6;4 5 6;5 6;6
410:0 3 4 5 6;1 5 6;2 5;3 4 5 6;4 6;5 6;6
411:0 3 4 5 6;1 5 6;2 5 6;3 4 5;4 6;5 6;6
412:0 3 4 5 6;1 5 6;2 5 6;3 4 5 6;4;5 6;6
413:0 3 4 5 6;1 5 6;2 5 6;3 4 5 6;4 6;5;6
414:0 3 4 5 6;1 5 6;2 5 6;3 4 5 6;4 6;5 6;6
415:0 3 4 5 6;1 5 6;2 5 6;3 4 5 6;4 5 6;5;6
416:0 3 4 5 6;1 5 6;2 5 6;3 4 5 6;4 5 6;5 6;6
417:0 3 4 6;1 4 5 6;2 6;3 5;4;5;6
418:0 3 4 6;1 4 5 6;2 6;3 5;4 6;5;6
419:0 3 4 6;1 4 5 6;2 6;3 5 6;4;5;6
420:0 3 4 6;1 4 5 6;2 6;3 5 6;4 6;5;6
421:0 3 4 6;1 4 5 6;2 6;3 5 6;4 6;5 6;6
422:0 3 4;1 4 5;2 5 6;3 6;4;5;6
423:0 3 4;1 4 5 6;2 5 6;3;4 6;5;6
424:0 3 4;1 4 5 6;2 5 6;3 6;4;5;6
425:0 3 4;1 4 5 6;2 5 6;3 6;4 6;5;6
426:0 3 4 6;1 4 5;2 5 6;3;4;5 6;6
427:0 3 4 6;1 4 5;2 5 6;3;4 6;5;6
428:0 3 4 6;1 4 5;2 5 6;3 6;4;5;6
429:0 3 4 6;1 4 5;2 5 6;3 6;4;5 6;6
430:0 3 4 6;1 4 5;2 5 6;3 6;4 6;5;6
431:0 3 4 6;1 4 5 6;2 5;3;4;5 6;6
432:0 3 4 6;1 4 5 6;2 5;3;4 6;5;6
433:0 3 4 6;1 4 5 6;2 5;3;4 6;5 6;6
434:0 3 4 6;1 4 5 6;2 5;3 6;4;5;6
435:0 3 4 6;1 4 5 6;2 5;3 6;4;5 6;6
436:0 3 4 6;1 4 5 6;2 5;3 6;4 6;5;6
437:0 3 4 6;1 4 5 6;2 5 6;3;4;5;6
438:0 3 4 6;1 4 5 6;2 5 6;3;4;5 6;6
439:0 3 4 6;1 4 5 6;2 5 6;3;4 6;5;6
440:0 3 4 6;1 4 5 6;2 5 6;3;4 6;5 6;6
441:0 3 4 6;1 4 5 6;2 5 6;3 6;4;5;6
442:0 3 4 6;1 4 5 6;2 5 6;3 6;4;5 6;6
443:0 3 4 6;1 4 5 6;2 5 6;3 6;4 6;5;6
444:0 3 4 6;1 4 5 6;2 5 6;3 6;4 6;5 6;6
445:0 3 4;1 4 5 6;2 5 6;3 5 6;4;5 6;6
446:0 3 4 6;1 4 5;2 5 6;3 5;4 6;5;6
447:0 3 4 6;1 4 5 6;2 5;3 5 6;4;5 6;6
448:0 3 4 6;1 4 5 6;2 5;3 5 6;4 6;5;6
449:0 3 4 6;1 4 5 6;2 5;3 5 6;4 6;5 6;6
450:0 3 4 6;1 4 5 6;2 5 6;3 5;4;5;6
451:0 3 4 6;1 4 5 6;2 5 6;3 5;4 6;5;6
452:0 3 4 6;1 4 5 6;2 5 6;3 5;4 6;5 6;6
453:0 3 4 6;1 4 5 6;2 5 6;3 5 6;4;5;6
454:0 3 4 6;1 4 5 6;2 5 6;3 5 6;4;5 6;6
455:0 3 4 6;1 4 5 6;2 5 6;3 5 6;4 6;5;6
456:0 3 4 6;1 4 5 6;2 5 6;3 5 6;4 6;5 6;6
457:0 3 4 5 6;1 4 6;2 5 6;3;4 5 6;5 6;6
458:0 3 4 5 6;1 4 6;2 5 6;3 6;4 5;5;6
459:0 3 4 5 6;1 4 6;2 5 6;3 6;4 5 6;5;6
460:0 3 4 5 6;1 4 6;2 5 6;3 6;4 5 6;5 6;6
461:0 3 4 5;1 4 5;2 6;3 6;4 5 6;5 6;6
462:0 3 4 5;1 4 5 6;2 6;3 6;4 5 6;5;6
463:0 3 4 5;1 4 5 6;2 6;3 6;4 5 6;5 6;6
464:0 3 4 5 6;1 4 5;2 6;3;4 5 6;5 6;6
465:0 3 4 5 6;1 4 5;2 6;3 6;4 5 6;5 6;6
466:0 3 4 5 6;1 4 5 6;2 6;3;4 5 6;5 6;6
467:0 3 4 5 6;1 4 5 6;2 6;3 6;4 5 6;5;6
468:0 3 4 5 6;1 4 5 6;2 6;3 6;4 5 6;5 6;6
469:0 3 4 5;1 4 5 6;2 6;3 5 6;4 6;5;6
470:0 3 4 5 6;1 4 5 6;2 6;3 5;4;5 6;6
471:0 3 4 5 6;1 4 5 6;2 6;3 5;4 6;5 6;6
472:0 3 4 5 6;1 4 5 6;2 6;3 5 6;4;5 6;6
473:0 3 4 5 6;1 4 5 6;2 6;3 5 6;4 6;5;6
474:0 3 4 5 6;1 4 5 6;2 6;3 5 6;4 6;5 6;6
475:0 3 4 5 6;1 4 5 6;2 6;3 5 6;4 5 6;5;6
476:0 3 4 5 6;1 4 5 6;2 6;3 5 6;4 5 6;5 6;6
477:0 3 4 5;1 4 5 6;2 5 6;3 6;4 6;5;6
478:0 3 4 5 6;1 4 5;2 5 6;3 6;4 6;5;6
479:0 3 4 5 6;1 4 5 6;2 5;3;4 6;5 6;6
480:0 3 4 5 6;1 4 5 6;2 5;3 6;4 6;5;6
481:0 3 4 5 6;1 4 5 6;2 5 6;3;4 6;5;6
482:0 3 4 5 6;1 4 5 6;2 5 6;3;4 6;5 6;6
483:0 3 4 5 6;1 4 5 6;2 5 6;3 6;4;5;6
484:0 3 4 5 6;1 4 5 6;2 5 6;3 6;4;5 6;6
485:0 3 4 5 6;1 4 5 6;2 5 6;3 6;4 6;5;6
486:0 3 4 5 6;1 4 5 6;2 5 6;3 6;4 6;5 6;6
487:0 3 4 5;1 4 5 6;2 5 6;3 6;4 5 6;5 6;6
488:0 3 4 5 6;1 4 5;2 5 6;3 6;4 5 6;5 6;6
489:0 3 4 5 6;1 4 5 6;2 5;3 6;4 5 6;5 6;6
490:0 3 4 5 6;1 4 5 6;2 5 6;3;4 5 6;5 6;6
491:0 3 4 5 6;1 4 5 6;2 5 6;3 6;4 5;5 6;6
492:0 3 4 5 6;1 4 5 6;2 5 6;3 6;4 5 6;5;6
493:0 3 4 5 6;1 4 5 6;2 5 6;3 6;4 5 6;5 6;6
494:0 3 4 5;1 4 5 6;2 5 6;3 5 6;4 6;5;6
495:0 3 4 5;1 4 5 6;2 5 6;3 5 6;4 6;5 6;6
496:0 3 4 5 6;1 4 5 6;2 5;3 5 6;4 6;5 6;6
497:0 3 4 5 6;1 4 5 6;2 5 6;3 5 6;4;5 6;6
498:0 3 4 5 6;1 4 5 6;2 5 6;3 5 6;4 6;5;6
499:0 3 4 5 6;1 4 5 6;2 5 6;3 5 6;4 6;5 6;6
500:0 3 4 5 6;1 4 5 6;2 5 6;3 5 6;4 5 6;5;6
501:0 3 4 5 6;1 4 5 6;2 5 6;3 5 6;4 5 6;5 6;6
502:0 3 4 5;1 4 6;2 5 6;3 4 5;4 6;5 6;6
503:0 3 4 5 6;1 4;2 5;3 4 5 6;4 6;5 6;6
504:0 3 4 5 6;1 4;2 5 6;3 4 5 6;4 6;5;6
505:0 3 4 5 6;1 4 6;2 5;3 4 5;4 6;5 6;6
506:0 3 4 5 6;1 4 6;2 5;3 4 5 6;4 6;5 6;6
507:0 3 4 5 6;1 4 6;2 5 6;3 4 5;4 6;5 6;6
508:0 3 4 5 6;1 4 6;2 5 6;3 4 5 6;4 6;5;6
509:0 3 4 5 6;1 4 6;2 5 6;3 4 5 6;4 6;5 6;6
510:0 3 4 5 6;1 4 6;2 5 6;3 4 5 6;4 5 6;5 6;6
511:0 3 4 5;1 4 5 6;2 6;3 4 5;4 6;5 6;6
512:0 3 4 5 6;1 4 5;2 6;3 4 5 6;4 6;5 6;6
513:0 3 4 5 6;1 4 5 6;2 6;3 4 5;4 6;5 6;6
514:0 3 4 5 6;1 4 5 6;2 6;3 4 5 6;4 6;5;6
515:0 3 4 5 6;1 4 5 6;2 6;3 4 5 6;4 6;5 6;6
516:0 3 4 5 6;1 4 5;2 6;3 4 5 6;4 5 6;5 6;6
517:0 3 4 5 6;1 4 5 6;2 6;3 4 5 6;4 5 6;5;6
518:0 3 4 5 6;1 4 5 6;2 6;3 4 5 6;4 5 6;5 6;6
519:0 3 4 5;1 4 5;2 5 6;3 4 6;4 6;5 6;6
520:0 3 4 5;1 4 5 6;2 5;3 4 6;4 6;5 6;6
521:0 3 4 5;1 4 5 6;2 5 6;3 4;4 6;5 6;6
522:0 3 4 5;1 4 5 6;2 5 6;3 4 6;4;5 6;6
523:0 3 4 5;1 4 5 6;2 5 6;3 4 6;4 6;5;6
524:0 3 4 5;1 4 5 6;2 5 6;3 4 6;4 6;5 6;6
525:0 3 4 5 6;1 4 5;2 5;3 4 6;4 6;5 6;6
526:0 3 4 5 6;1 4 5;2 5 6;3 4;4 6;5 6;6
527:0 3 4 5 6;1 4 5;2 5 6;3 4 6;4;5 6;6
528:0 3 4 5 6;1 4 5;2 5 6;3 4 6;4 6;5;6
529:0 3 4 5 6;1 4 5;2 5 6;3 4 6;4 6;5 6;6
530:0 3 4 5 6;1 4 5 6;2 5;3 4 6;4;5 6;6
531:0 3 4 5 6;1 4 5 6;2 5;3 4 6;4 6;5;6
532:0 3 4 5 6;1 4 5 6;2 5;3 4 6;4 6;5 6;6
533:0 3 4 5 6;1 4 5 6;2 5 6;3 4;4;5 6;6
534:0 3 4 5 6;1 4 5 6;2 5 6;3 4;4 6;5;6
535:0 3 4 5 6;1 4 5 6;2 5 6;3 4;4 6;5 6;6
536:0 3 4 5 6;1 4 5 6;2 5 6;3 4 6;4;5 6;6
537:0 3 4 5 6;1 4 5 6;2 5 6;3 4 6;4 6;5;6
538:0 3 4 5 6;1 4 5 6;2 5 6;3 4 6;4 6;5 6;6
539:0 3 4 5 6;1 4 5;2 5 6;3 4 5 6;4 6;5 6;6
540:0 3 4 5 6;1 4 5 6;2 5 6;3 4 5 6;4;5 6;6
541:0 3 4 5 6;1 4 5 6;2 5 6;3 4 5 6;4 6;5;6
542:0 3 4 5 6;1 4 5 6;2 5 6;3 4 5 6;4 6;5 6;6
543:0 3 4 5 6;1 4 5 6;2 5 6;3 4 5 6;4 5 6;5 6;6
544:0 3 4;1 4 5 6;2 4 5 6;3 5;4 6;5 6;6
545:0 3 4 6;1 4 5;2 4 5;3 5 6;4 6;5 6;6
546:0 3 4 6;1 4 5 6;2 4 5;3 5;4 6;5 6;6
547:0 3 4 6;1 4 5 6;2 4 5;3 5 6;4 6;5 6;6
548:0 3 4 6;1 4 5 6;2 4 5 6;3 5;4;5;6
549:0 3 4 6;1 4 5 6;2 4 5 6;3 5;4 6;5;6
550:0 3 4 6;1 4 5 6;2 4 5 6;3 5;4 6;5 6;6
551:0 3 4 6;1 4 5 6;2 4 5 6;3 5 6;4;5;6
552:0 3 4 6;1 4 5 6;2 4 5 6;3 5 6;4 6;5;6
553:0 3 4 6;1 4 5 6;2 4 5 6;3 5 6;4 6;5 6;6
554:0 3 4 6;1 4 5 6;2 4 5;3 5 6;4 5 6;5 6;6
555:0 3 4 6;1 4 5 6;2 4 5 6;3 5 6;4 5 6;5 6;6
556:0 3 4 5 6;1 4 5;2 4 6;3 5 6;4 5 6;5 6;6
557:0 3 4 5 6;1 4 5 6;2 4;3 5 6;4 5 6;5 6;6
558:0 3 4 5 6;1 4 5 6;2 4 6;3 5 6;4 5;5 6;6
559:0 3 4 5 6;1 4 5 6;2 4 6;3 5 6;4 5 6;5;6
560:0 3 4 5 6;1 4 5 6;2 4 6;3 5 6;4 5 6;5 6;6
561:0 3 4 5;1 4 5 6;2 4 5;3 6;4 6;5 6;6
562:0 3 4 5;1 4 5 6;2 4 5 6;3;4 6;5 6;6
563:0 3 4 5;1 4 5 6;2 4 5 6;3 6;4 6;5;6
564:0 3 4 5;1 4 5 6;2 4 5 6;3 6;4 6;5 6;6
565:0 3 4 5 6;1 4 5;2 4 5;3 6;4 6;5 6;6
566:0 3 4 5 6;1 4 5 6;2 4 5;3;4 6;5 6;6
567:0 3 4 5 6;1 4 5 6;2 4 5;3 6;4 6;5 6;6
568:0 3 4 5 6;1 4 5 6;2 4 5 6;3;4 6;5;6
569:0 3 4 5 6;1 4 5 6;2 4 5 6;3;4 6;5 6;6
570:0 3 4 5 6;1 4 5 6;2 4 5 6;3 6;4;5;6
571:0 3 4 5 6;1 4 5 6;2 4 5 6;3 6;4 6;5;6
572:0 3 4 5 6;1 4 5 6;2 4 5 6;3 6;4 6;5 6;6
573:0 3 4 5;1 4 5 6;2 4 5 6;3 6;4 5 6;5 6;6
574:0 3 4 5 6;1 4 5 6;2 4 5;3 6;4 5 6;5 6;6
575:0 3 4 5 6;1 4 5 6;2 4 5 6;3;4 5 6;5 6;6
576:0 3 4 5 6;1 4 5 6;2 4 5 6;3 6;4 5 6;5;6
577:0 3 4 5 6;1 4 5 6;2 4 5 6;3 6;4 5 6;5 6;6
578:0 3 4 5;1 4 5 6;2 4 5 6;3 5 6;4 6;5;6
579:0 3 4 5;1 4 5 6;2 4 5 6;3 5 6;4 6;5 6;6
580:0 3 4 5 6;1 4 5 6;2 4 5 6;3 5 6;4;5 6;6
581:0 3 4 5 6;1 4 5 6;2 4 5 6;3 5 6;4 6;5;6
582:0 3 4 5 6;1 4 5 6;2 4 5 6;3 5 6;4 6;5 6;6
583:0 3 4 5 6;1 4 5 6;2 4 5 6;3 5 6;4 5 6;5 6;6
584:0 3 4 5 6;1 4 5 6;2 4 5;3 4 5 6;4 6;5 6;6
585:0 3 4 5 6;1 4 5 6;2 4 5 6;3 4 5;4 6;5 6;6
586:0 3 4 5 6;1 4 5 6;2 4 5 6;3 4 5 6;4 6;5;6
587:0 3 4 5 6;1 4 5 6;2 4 5 6;3 4 5 6;4 6;5 6;6
588:0 3 4 5 6;1 4 5 6;2 4 5 6;3 4 5 6;4 5 6;5 6;6
589:0 3 4;1 3 5 6;2 4 5 6;3 6;4 6;5;6
590:0 3 4 6;1 3 5;2 4 5 6;3 6;4;5;6
591:0 3 4 6;1 3 5 6;2 4 5;3 6;4;5;6
592:0 3 4 6;1 3 5 6;2 4 5;3 6;4 6;5;6
593:0 3 4 6;1 3 5 6;2 4 5 6;3;4;5;6
594:0 3 4 6;1 3 5 6;2 4 5 6;3 6;4;5;6
595:0 3 4 6;1 3 5 6;2 4 5 6;3 6;4 6;5;6
596:0 3 4 6;1 3 5 6;2 4 5 6;3 6;4 6;5 6;6
597:0 3 4;1 3 5 6;2 4 5 6;3 5 6;4 6;5;6
598:0 3 4 6;1 3 5;2 4 5 6;3 5 6;4;5 6;6
599:0 3 4 6;1 3 5;2 4 5 6;3 5 6;4 6;5;6
600:0 3 4 6;1 3 5;2 4 5 6;3 5 6;4 6;5 6;6
601:0 3 4 6;1 3 5 6;2 4 5;3 5;4 6;5;6
602:0 3 4 6;1 3 5 6;2 4 5;3 5 6;4 6;5;6
603:0 3 4 6;1 3 5 6;2 4 5;3 5 6;4 6;5 6;6
604:0 3 4 6;1 3 5 6;2 4 5 6;3 5;4;5;6
605:0 3 4 6;1 3 5 6;2 4 5 6;3 5;4 6;5;6
606:0 3 4 6;1 3 5 6;2 4 5 6;3 5 6;4;5 6;6
607:0 3 4 6;1 3 5 6;2 4 5 6;3 5 6;4 6;5;6
608:0 3 4 6;1 3 5 6;2 4 5 6;3 5 6;4 6;5 6;6
609:0 3 4;1 3 5 6;2 4 5 6;3 5 6;4 5 6;5;6
610:0 3 4;1 3 5 6;2 4 5 6;3 5 6;4 5 6;5 6;6
611:0 3 4 6;1 3 5 6;2 4 5;3 5 6;4 5 6;5;6
612:0 3 4 6;1 3 5 6;2 4 5;3 5 6;4 5 6;5 6;6
613:0 3 4 6;1 3 5 6;2 4 5 6;3 5 6;4 5 6;5;6
614:0 3 4 6;1 3 5 6;2 4 5 6;3 5 6;4 5 6;5 6;6
615:0 3 4 5;1 3 6;2 4 5 6;3 5 6;4 6;5;6
616:0 3 4 5 6;1 3;2 4 5 6;3 5;4 6;5 6;6
617:0 3 4 5 6;1 3;2 4 5 6;3 5 6;4 6;5 6;6
618:0 3 4 5 6;1 3 6;2 4 5 6;3 5;4 6;5 6;6
619:0 3 4 5 6;1 3 6;2 4 5 6;3 5 6;4;5 6;6
620:0 3 4 5 6;1 3 6;2 4 5 6;3 5 6;4 6;5;6
621:0 3 4 5 6;1 3 6;2 4 5 6;3 5 6;4 6;5 6;6
622:0 3 4 5 6;1 3 5;2 4 6;3 5 6;4 5 6;5 6;6
623:0 3 4 5 6;1 3 5 6;2 4;3 5 6;4 5 6;5 6;6
624:0 3 4 5 6;1 3 5 6;2 4 6;3 5 6;4 5 6;5;6
625:0 3 4 5 6;1 3 5 6;2 4 6;3 5 6;4 5 6;5 6;6
626:0 3 4 5;1 3 5 6;2 4 5 6;3 6;4 6;5;6
627:0 3 4 5 6;1 3 5;2 4 5 6;3 6;4;5 6;6
628:0 3 4 5 6;1 3 5 6;2 4 5;3 6;4;5 6;6
629:0 3 4 5 6;1 3 5 6;2 4 5;3 6;4 6;5;6
630:0 3 4 5 6;1 3 5 6;2 4 5 6;3;4;5 6;6
631:0 3 4 5 6;1 3 5 6;2 4 5 6;3 6;4;5;6
632:0 3 4 5 6;1 3 5 6;2 4 5 6;3 6;4;5 6;6
633:0 3 4 5 6;1 3 5 6;2 4 5 6;3 6;4 6;5;6
634:0 3 4 5 6;1 3 5 6;2 4 5 6;3 6;4 6;5 6;6
635:0 3 4 5;1 3 5 6;2 4 5 6;3 5 6;4 6;5 6;6
636:0 3 4 5 6;1 3 5;2 4 5 6;3 5 6;4 6;5 6;6
637:0 3 4 5 6;1 3 5 6;2 4 5;3 5 6;4 6;5 6;6
638:0 3 4 5 6;1 3 5 6;2 4 5 6;3 5;4 6;5 6;6
639:0 3 4 5 6;1 3 5 6;2 4 5 6;3 5 6;4;5 6;6
640:0 3 4 5 6;1 3 5 6;2 4 5 6;3 5 6;4 6;5;6
641:0 3 4 5 6;1 3 5 6;2 4 5 6;3 5 6;4 6;5 6;6
642:0 3 4 5 6;1 3 5 6;2 4 5 6;3 5 6;4 5 6;5;6
643:0 3 4 5 6;1 3 5 6;2 4 5 6;3 5 6;4 5 6;5 6;6
644:0 3 4 6;1 3 5 6;2 4 5;3 4 5 6;4 5 6;5 6;6
645:0 3 4 6;1 3 5 6;2 4 5 6;3 4 5 6;4 5 6;5;6
646:0 3 4 6;1 3 5 6;2 4 5 6;3 4 5 6;4 5 6;5 6;6
647:0 3 4 5;1 3 5 6;2 4 5;3 4 6;4 6;5 6;6
648:0 3 4 5;1 3 5 6;2 4 5 6;3 4 6;4;5 6;6
649:0 3 4 5;1 3 5 6;2 4 5 6;3 4 6;4 6;5;6
650:0 3 4 5;1 3 5 6;2 4 5 6;3 4 6;4 6;5 6;6
651:0 3 4 5 6;1 3 5;2 4 5;3 4 6;4 6;5 6;6
652:0 3 4 5 6;1 3 5;2 4 5 6;3 4 6;4;5 6;6
653:0 3 4 5 6;1 3 5 6;2 4 5;3 4 6;4 6;5 6;6
654:0 3 4 5 6;1 3 5 6;2 4 5 6;3 4 6;4;5;6
655:0 3 4 5 6;1 3 5 6;2 4 5 6;3 4 6;4;5 6;6
656:0 3 4 5 6;1 3 5 6;2 4 5 6;3 4 6;4 6;5;6
657:0 3 4 5 6;1 3 5 6;2 4 5 6;3 4 6;4 6;5 6;6
658:0 3 4 5 6;1 3 5 6;2 4 5 6;3 4 5;4 6;5 6;6
659:0 3 4 5 6;1 3 5 6;2 4 5 6;3 4 5 6;4;5 6;6
660:0 3 4 5 6;1 3 5 6;2 4 5 6;3 4 5 6;4 6;5;6
661:0 3 4 5 6;1 3 5 6;2 4 5 6;3 4 5 6;4 6;5 6;6
662:0 3 4 5 6;1 3 5 6;2 4 5 6;3 4 5 6;4 5 6;5 6;6
663:0 3 4 5 6;1 3 4 5 6;2 6;3 5 6;4 5 6;5;6
664:0 3 4 5 6;1 3 4 5 6;2 6;3 5 6;4 5 6;5 6;6
665:0 3 4 5 6;1 3 4 5;2 5 6;3 5 6;4 6;5 6;6
666:0 3 4 5 6;1 3 4 5 6;2 5;3 5 6;4 6;5 6;6
667:0 3 4 5 6;1 3 4 5 6;2 5 6;3 5;4 6;5 6;6
668:0 3 4 5 6;1 3 4 5 6;2 5 6;3 5 6;4;5 6;6
669:0 3 4 5 6;1 3 4 5 6;2 5 6;3 5 6;4 6;5;6
670:0 3 4 5 6;1 3 4 5 6;2 5 6;3 5 6;4 6;5 6;6
671:0 3 4 5 6;1 3 4 5 6;2 5 6;3 5 6;4 5 6;5;6
672:0 3 4 5 6;1 3 4 5 6;2 5 6;3 5 6;4 5 6;5 6;6
673:0 3 4 5 6;1 3 4;2 5 6;3 4 5 6;4 5 6;5 6;6
674:0 3 4 5 6;1 3 4 6;2 5 6;3 4 5 6;4 5;5 6;6
675:0 3 4 5 6;1 3 4 6;2 5 6;3 4 5 6;4 5 6;5;6
676:0 3 4 5 6;1 3 4 6;2 5 6;3 4 5 6;4 5 6;5 6;6
677:0 3 4 5 6;1 3 4 5;2 6;3 4 5 6;4 5 6;5 6;6
678:0 3 4 5 6;1 3 4 5 6;2 6;3 4 5 6;4 5 6;5;6
679:0 3 4 5 6;1 3 4 5 6;2 6;3 4 5 6;4 5 6;5 6;6
680:0 3 4 5 6;1 3 4 5 6;2 5 6;3 4 5;4 6;5 6;6
681:0 3 4 5 6;1 3 4 5 6;2 5 6;3 4 5 6;4;5 6;6
682:0 3 4 5 6;1 3 4 5 6;2 5 6;3 4 5 6;4 6;5;6
683:0 3 4 5 6;1 3 4 5 6;2 5 6;3 4 5 6;4 6;5 6;6
684:0 3 4 5 6;1 3 4 5 6;2 5 6;3 4 5 6;4 5 6;5 6;6
685:0 3 4 5;1 3 4 5;2 4 6;3 5 6;4 6;5 6;6
686:0 3 4 5 6;1 3 4 5;2 4;3 5 6;4 6;5 6;6
687:0 3 4 5 6;1 3 4 5;2 4 6;3 5 6;4;5 6;6
688:0 3 4 5 6;1 3 4 5;2 4 6;3 5 6;4 6;5 6;6
689:0 3 4 5 6;1 3 4 5 6;2 4;3 5 6;4;5 6;6
690:0 3 4 5 6;1 3 4 5 6;2 4;3 5 6;4 6;5;6
691:0 3 4 5 6;1 3 4 5 6;2 4;3 5 6;4 6;5 6;6
692:0 3 4 5 6;1 3 4 5 6;2 4 6;3 5;4 6;5;6
693:0 3 4 5 6;1 3 4 5 6;2 4 6;3 5 6;4;5;6
694:0 3 4 5 6;1 3 4 5 6;2 4 6;3 5 6;4;5 6;6
695:0 3 4 5 6;1 3 4 5 6;2 4 6;3 5 6;4 6;5;6
696:0 3 4 5 6;1 3 4 5 6;2 4 6;3 5 6;4 6;5 6;6
697:0 3 4 5 6;1 3 4 5 6;2 4 5;3;4 6;5 6;6
698:0 3 4 5 6;1 3 4 5 6;2 4 5 6;3;4 6;5;6
699:0 3 4 5 6;1 3 4 5 6;2 4 5 6;3;4 6;5 6;6
700:0 3 4 5 6;1 3 4 5 6;2 4 5 6;3 6;4;5;6
701:0 3 4 5 6;1 3 4 5 6;2 4 5 6;3 6;4 6;5;6
702:0 3 4 5 6;1 3 4 5 6;2 4 5 6;3 6;4 6;5 6;6
703:0 3 4 5 6;1 3 4 5 6;2 4 5 6;3;4 5 6;5 6;6
704:0 3 4 5 6;1 3 4 5 6;2 4 5 6;3 6;4 5 6;5;6
705:0 3 4 5 6;1 3 4 5 6;2 4 5 6;3 6;4 5 6;5 6;6
706:0 3 4 5 6;1 3 4 5 6;2 4 5 6;3 5;4 6;5;6
707:0 3 4 5 6;1 3 4 5 6;2 4 5 6;3 5 6;4;5 6;6
708:0 3 4 5 6;1 3 4 5 6;2 4 5 6;3 5 6;4 6;5;6
709:0 3 4 5 6;1 3 4 5 6;2 4 5 6;3 5 6;4 6;5 6;6
710:0 3 4 5 6;1 3 4 5 6;2 4 5 6;3 5 6;4 5 6;5 6;6
711:0 3 4 5 6;1 3 4 5;2 4 5 6;3 4 5 6;4 6;5 6;6
712:0 3 4 5 6;1 3 4 5 6;2 4 5;3 4 5 6;4 6;5 6;6
713:0 3 4 5 6;1 3 4 5 6;2 4 5 6;3 4 5;4 6;5 6;6
714:0 3 4 5 6;1 3 4 5 6;2 4 5 6;3 4 5 6;4 6;5;6
715:0 3 4 5 6;1 3 4 5 6;2 4 5 6;3 4 5 6;4 6;5 6;6
716:0 3 4 5 6;1 3 4 5 6;2 4 5 6;3 4 5 6;4 5 6;5 6;6
717:0 3 4 5 6;1 3 4 5 6;2 3 4 5;3 6;4 6;5;6
718:0 3 4 5 6;1 3 4 5 6;2 3 4 5 6;3 6;4;5;6
719:0 3 4 5 6;1 3 4 5 6;2 3 4 5 6;3 6;4 6;5;6
720:0 3 4 5 6;1 3 4 5 6;2 3 4 5 6;3 6;4 6;5 6;6
721:0 3 4 5 6;1 3 4 5 6;2 3 4 5 6;3 5;4 6;5;6
722:0 3 4 5 6;1 3 4 5 6;2 3 4 5 6;3 5 6;4;5 6;6
723:0 3 4 5 6;1 3 4 5 6;2 3 4 5 6;3 5 6;4 6;5;6
724:0 3 4 5 6;1 3 4 5 6;2 3 4 5 6;3 5 6;4 6;5 6;6
725:0 3 4 5 6;1 3 4 5 6;2 3 4 5 6;3 5 6;4 5 6;5;6
726:0 3 4 5 6;1 3 4 5 6;2 3 4 5 6;3 5 6;4 5 6;5 6;6
727:0 3 4 5 6;1 3 4 5 6;2 3 4 5 6;3 4 5 6;4 5 6;5 6;6
728:0 2 4 6;1 3 5 6;2 4 6;3 5;4;5;6
729:0 2 4 6;1 3 5 6;2 4 6;3 5;4 6;5;6
730:0 2 4 6;1 3 5 6;2 4 6;3 5 6;4;5;6
731:0 2 4 6;1 3 5 6;2 4 6;3 5 6;4 6;5;6
732:0 2 4 6;1 3 5 6;2 4 6;3 5 6;4 6;5 6;6
733:0 2 4 5 6;1 3 6;2 4 5 6;3;4 5 6;5;6
734:0 2 4 5 6;1 3 6;2 4 5 6;3;4 5 6;5 6;6
735:0 2 4 5 6;1 3 6;2 4 5 6;3 6;4 5 6;5;6
736:0 2 4 5 6;1 3 6;2 4 5 6;3 6;4 5 6;5 6;6
737:0 2 4 5;1 3 5 6;2 4 6;3 5 6;4;5;6
738:0 2 4 5;1 3 5 6;2 4 6;3 5 6;4 6;5;6
739:0 2 4 5 6;1 3 5 6;2 4;3 5 6;4;5 6;6
740:0 2 4 5 6;1 3 5 6;2 4 6;3 5;4;5 6;6
741:0 2 4 5 6;1 3 5 6;2 4 6;3 5;4 6;5;6
742:0 2 4 5 6;1 3 5 6;2 4 6;3 5 6;4;5;6
743:0 2 4 5 6;1 3 5 6;2 4 6;3 5 6;4;5 6;6
744:0 2 4 5 6;1 3 5 6;2 4 6;3 5 6;4 6;5;6
745:0 2 4 5 6;1 3 5 6;2 4 6;3 5 6;4 6;5 6;6
746:0 2 4 5 6;1 3 5;2 4 5 6;3 6;4;5 6;6
747:0 2 4 5 6;1 3 5;2 4 5 6;3 6;4 6;5;6
748:0 2 4 5 6;1 3 5;2 4 5 6;3 6;4 6;5 6;6
749:0 2 4 5 6;1 3 5 6;2 4 5;3 6;4 6;5 6;6
750:0 2 4 5 6;1 3 5 6;2 4 5 6;3;4;5 6;6
751:0 2 4 5 6;1 3 5 6;2 4 5 6;3;4 6;5 6;6
752:0 2 4 5 6;1 3 5 6;2 4 5 6;3 6;4;5 6;6
753:0 2 4 5 6;1 3 5 6;2 4 5 6;3 6;4 6;5;6
754:0 2 4 5 6;1 3 5 6;2 4 5 6;3 6;4 6;5 6;6
755:0 2 4 5 6;1 3 5;2 4 5 6;3 6;4 5 6;5 6;6
756:0 2 4 5 6;1 3 5 6;2 4 5 6;3;4 5 6;5 6;6
757:0 2 4 5 6;1 3 5 6;2 4 5 6;3 6;4 5 6;5;6
758:0 2 4 5 6;1 3 5 6;2 4 5 6;3 6;4 5 6;5 6;6
759:0 2 4 5 6;1 3 5 6;2 4 5;3 5 6;4 6;5 6;6
760:0 2 4 5 6;1 3 5 6;2 4 5 6;3 5;4 6;5 6;6
761:0 2 4 5 6;1 3 5 6;2 4 5 6;3 5 6;4;5 6;6
762:0 2 4 5 6;1 3 5 6;2 4 5 6;3 5 6;4 6;5;6
763:0 2 4 5 6;1 3 5 6;2 4 5 6;3 5 6;4 6;5 6;6
764:0 2 4 5 6;1 3 5 6;2 4 5 6;3 5 6;4 5 6;5;6
765:0 2 4 5 6;1 3 5 6;2 4 5 6;3 5 6;4 5 6;5 6;6
766:0 2 4 5;1 3 4 6;2 4 5;3 5 6;4 6;5 6;6
767:0 2 4 5 6;1 3 4;2 4 5 6;3 5;4 6;5 6;6
768:0 2 4 5 6;1 3 4 6;2 4 5;3 5;4 6;5 6;6
769:0 2 4 5 6;1 3 4 6;2 4 5;3 5 6;4 6;5;6
770:0 2 4 5 6;1 3 4 6;2 4 5;3 5 6;4 6;5 6;6
771:0 2 4 5 6;1 3 4 6;2 4 5 6;3 5;4 6;5;6
772:0 2 4 5 6;1 3 4 6;2 4 5 6;3 5;4 6;5 6;6
773:0 2 4 5 6;1 3 4 6;2 4 5 6;3 5 6;4;5;6
774:0 2 4 5 6;1 3 4 6;2 4 5 6;3 5 6;4 6;5;6
775:0 2 4 5 6;1 3 4 6;2 4 5 6;3 5 6;4 6;5 6;6
776:0 2 4 5 6;1 3 4 6;2 4 5;3 5 6;4 5 6;5 6;6
777:0 2 4 5 6;1 3 4 6;2 4 5 6;3 5 6;4 5 6;5;6
778:0 2 4 5 6;1 3 4 6;2 4 5 6;3 5 6;4 5 6;5 6;6
779:0 2 4 5 6;1 3 4 5;2 4 6;3 5 6;4 6;5;6
780:0 2 4 5 6;1 3 4 5 6;2 4;3 5;4 6;5 6;6
781:0 2 4 5 6;1 3 4 5 6;2 4;3 5 6;4 6;5;6
782:0 2 4 5 6;1 3 4 5 6;2 4 6;3 5;4 6;5;6
783:0 2 4 5 6;1 3 4 5 6;2 4 6;3 5;4 6;5 6;6
784:0 2 4 5 6;1 3 4 5 6;2 4 6;3 5 6;4;5;6
785:0 2 4 5 6;1 3 4 5 6;2 4 6;3 5 6;4 6;5;6
786:0 2 4 5 6;1 3 4 5 6;2 4 6;3 5 6;4 6;5 6;6
787:0 2 4 5 6;1 3 4 5 6;2 4 6;3 5 6;4 5 6;5;6
788:0 2 4 5 6;1 3 4 5 6;2 4 6;3 5 6;4 5 6;5 6;6
789:0 2 4 5 6;1 3 4 5;2 4 5 6;3 6;4 5 6;5 6;6
790:0 2 4 5 6;1 3 4 5 6;2 4 5;3 6;4 5 6;5 6;6
791:0 2 4 5 6;1 3 4 5 6;2 4 5 6;3;4 5 6;5 6;6
792:0 2 4 5 6;1 3 4 5 6;2 4 5 6;3 6;4 5 6;5;6
793:0 2 4 5 6;1 3 4 5 6;2 4 5 6;3 6;4 5 6;5 6;6
794:0 2 4 5 6;1 3 4 5 6;2 4 5;3 5 6;4 6;5;6
795:0 2 4 5 6;1 3 4 5 6;2 4 5 6;3 5;4 6;5;6
796:0 2 4 5 6;1 3 4 5 6;2 4 5 6;3 5 6;4;5 6;6
797:0 2 4 5 6;1 3 4 5 6;2 4 5 6;3 5 6;4 6;5;6
798:0 2 4 5 6;1 3 4 5 6;2 4 5 6;3 5 6;4 6;5 6;6
799:0 2 4 5 6;1 3 4 5 6;2 4 5 6;3 5 6;4 5 6;5 6;6
800:0 2 4 5 6;1 3 4 5 6;2 4 5 6;3 4 5;4 6;5 6;6
801:0 2 4 5 6;1 3 4 5 6;2 4 5 6;3 4 5 6;4 6;5;6
802:0 2 4 5 6;1 3 4 5 6;2 4 5 6;3 4 5 6;4 6;5 6;6
803:0 2 4 5 6;1 3 4 5 6;2 4 5 6;3 4 5 6;4 5 6;5 6;6
804:0 2 3 4 5 6;1 6;2 3 4 5 6;3 4 5 6;4 5 6;5;6
805:0 2 3 4 5 6;1 6;2 3 4 5 6;3 4 5 6;4 5 6;5 6;6
806:0 2 3 4 5 6;1 5 6;2 3 4 5 6;3 4 5 6;4;5 6;6
807:0 2 3 4 5 6;1 5 6;2 3 4 5 6;3 4 5 6;4 6;5;6
808:0 2 3 4 5 6;1 5 6;2 3 4 5 6;3 4 5 6;4 6;5 6;6
809:0 2 3 4 5 6;1 5 6;2 3 4 5 6;3 4 5 6;4 5 6;5 6;6
810:0 2 3 4 5 6;1 4 5 6;2 3 4 5 6;3 6;4 5 6;5 6;6
811:0 2 3 4 5 6;1 4 5 6;2 3 4 5 6;3 5;4 6;5 6;6
812:0 2 3 4 5 6;1 4 5 6;2 3 4 5 6;3 5 6;4;5 6;6
813:0 2 3 4 5 6;1 4 5 6;2 3 4 5 6;3 5 6;4 6;5;6
814:0 2 3 4 5 6;1 4 5 6;2 3 4 5 6;3 5 6;4 6;5 6;6
815:0 2 3 4 5 6;1 4 5 6;2 3 4 5 6;3 5 6;4 5 6;5 6;6
816:0 2 3 4 5 6;1 4 5 6;2 3 4 5 6;3 4 5 6;4 5 6;5 6;6
817:0 2 3 5 6;1 3 4 5 6;2 4 5;3 5 6;4 6;5 6;6
818:0 2 3 5 6;1 3 4 5 6;2 4 5 6;3 5;4 6;5 6;6
819:0 2 3 5 6;1 3 4 5 6;2 4 5 6;3 5 6;4;5;6
820:0 2 3 5 6;1 3 4 5 6;2 4 5 6;3 5 6;4;5 6;6
821:0 2 3 5 6;1 3 4 5 6;2 4 5 6;3 5 6;4 6;5;6
822:0 2 3 5 6;1 3 4 5 6;2 4 5 6;3 5 6;4 6;5 6;6
823:0 2 3 5 6;1 3 4 5 6;2 4 5 6;3 5 6;4 5 6;5;6
824:0 2 3 5 6;1 3 4 5 6;2 4 5 6;3 5 6;4 5 6;5 6;6
825:0 2 3 4 6;1 3 4 5 6;2 4 5;3 5 6;4 6;5;6
826:0 2 3 4 6;1 3 4 5 6;2 4 5 6;3 5;4 6;5;6
827:0 2 3 4 6;1 3 4 5 6;2 4 5 6;3 5 6;4;5;6
828:0 2 3 4 6;1 3 4 5 6;2 4 5 6;3 5 6;4 6;5;6
829:0 2 3 4 6;1 3 4 5 6;2 4 5 6;3 5 6;4 6;5 6;6
830:0 2 3 4 5 6;1 3 4 5 6;2 4;3 5 6;4 5 6;5 6;6
831:0 2 3 4 5 6;1 3 4 5 6;2 4 6;3 5 6;4 5 6;5;6
832:0 2 3 4 5 6;1 3 4 5 6;2 4 6;3 5 6;4 5 6;5 6;6
833:0 2 3 4 5;1 3 4 5 6;2 4 5 6;3 5 6;4 6;5;6
834:0 2 3 4 5 6;1 3 4 5 6;2 4 5 6;3 5;4 6;5 6;6
835:0 2 3 4 5 6;1 3 4 5 6;2 4 5 6;3 5 6;4 6;5;6
836:0 2 3 4 5 6;1 3 4 5 6;2 4 5 6;3 5 6;4 6;5 6;6
837:0 2 3 4 5 6;1 3 4 5 6;2 4 5 6;3 5 6;4 5 6;5 6;6
838:0 2 3 4 5 6;1 3 4 5 6;2 4 5 6;3 4 5;4 6;5 6;6
839:0 2 3 4 5 6;1 3 4 5 6;2 4 5 6;3 4 5 6;4 6;5;6
840:0 2 3 4 5 6;1 3 4 5 6;2 4 5 6;3 4 5 6;4 6;5 6;6
841:0 2 3 4 5 6;1 3 4 5 6;2 4 5 6;3 4 5 6;4 5 6;5 6;6
842:0 2 3 4 5 6;1 3 4 5 6;2 3 4 5 6;3 4 5 6;4 5 6;5 6;6
843:0 2 3 4 5 6;1 2 3 4 6;2 4 5 6;3 5 6;4 5 6;5 6;6
844:0 2 3 4 5 6;1 2 3 4 5;2 4 5 6;3 6;4 5 6;5 6;6
845:0 2 3 4 5 6;1 2 3 4 5 6;2 4 5 6;3;4 5 6;5 6;6
846:0 2 3 4 5 6;1 2 3 4 5 6;2 4 5 6;3 6;4 5 6;5;6
847:0 2 3 4 5 6;1 2 3 4 5 6;2 4 5 6;3 6;4 5 6;5 6;6
848:0 2 3 4 5 6;1 2 3 4 5 6;2 4 5 6;3 5 6;4 5 6;5 6;6
849:0 2 3 4 5 6;1 2 3 4 5 6;2 4 5 6;3 4 5 6;4 6;5;6
850:0 2 3 4 5 6;1 2 3 4 5 6;2 4 5 6;3 4 5 6;4 6;5 6;6
851:0 2 3 4 5 6;1 2 3 4 5 6;2 4 5 6;3 4 5 6;4 5 6;5 6;6
852:0 2 3 4 5 6;1 2 3 4 5 6;2 3 4 5 6;3 4 5 6;4 5 6;5 6;6
853:0 1 2 3 4 5 6;1 2 3 4 5 6;2 3 4 5 6;3 4 5 6;4 5 6;5 6;6
