# 50 490
1 4 1
1 49 1
1 43 1
1 28 1
1 23 1
1 13 1
1 5 1
1 38 1
1 45 1
1 48 1
1 29 1
1 30 1
1 8 1
1 42 1
1 27 1
1 21 1
1 15 1
2 45 1
2 40 1
2 34 1
2 29 1
2 43 1
2 32 1
2 50 1
2 10 1
2 44 1
2 21 1
2 48 1
2 23 1
2 11 1
2 31 1
2 30 1
2 41 1
2 37 1
2 27 1
2 17 1
3 32 1
3 10 1
3 47 1
3 29 1
3 26 1
3 23 1
3 43 1
3 31 1
3 6 1
3 16 1
3 24 1
3 36 1
3 9 1
3 11 1
3 18 1
3 35 1
3 34 1
3 12 1
3 33 1
3 48 1
3 44 1
3 7 1
4 15 1
4 12 1
4 49 1
4 48 1
4 20 1
4 35 1
4 8 1
4 19 1
4 29 1
4 17 1
4 18 1
4 39 1
4 44 1
4 24 1
4 28 1
4 13 1
4 41 1
4 14 1
4 23 1
4 50 1
5 41 1
5 22 1
5 42 1
5 25 1
5 35 1
5 13 1
5 24 1
5 39 1
5 48 1
5 27 1
5 36 1
5 28 1
5 46 1
5 19 1
5 29 1
5 40 1
5 38 1
5 26 1
5 6 1
5 17 1
6 37 1
6 29 1
6 47 1
6 34 1
6 13 1
6 18 1
6 36 1
6 10 1
6 21 1
6 43 1
6 24 1
6 50 1
6 8 1
6 49 1
6 33 1
6 30 1
6 14 1
6 19 1
7 38 1
7 32 1
7 23 1
7 31 1
7 47 1
7 10 1
7 26 1
7 27 1
7 9 1
7 14 1
7 44 1
7 43 1
7 21 1
7 34 1
8 15 1
8 18 1
8 49 1
8 17 1
8 41 1
8 47 1
8 33 1
8 34 1
8 31 1
8 23 1
8 20 1
8 26 1
8 37 1
8 10 1
8 42 1
9 40 1
9 48 1
9 33 1
9 11 1
9 42 1
9 20 1
9 27 1
9 29 1
9 32 1
9 24 1
9 49 1
9 23 1
9 12 1
9 47 1
9 44 1
9 25 1
9 18 1
9 50 1
9 41 1
10 48 1
10 15 1
10 45 1
10 36 1
10 46 1
10 30 1
10 20 1
10 32 1
10 26 1
10 35 1
10 37 1
10 24 1
10 39 1
10 44 1
10 49 1
10 47 1
10 23 1
10 14 1
10 12 1
10 11 1
11 15 1
11 19 1
11 22 1
11 43 1
11 17 1
11 49 1
11 40 1
11 37 1
11 18 1
12 38 1
12 13 1
12 36 1
12 25 1
12 27 1
12 33 1
12 41 1
12 45 1
12 14 1
12 49 1
12 23 1
12 35 1
13 27 1
13 16 1
13 42 1
13 18 1
13 25 1
13 15 1
13 36 1
13 17 1
13 39 1
13 47 1
13 35 1
13 34 1
13 38 1
13 43 1
13 30 1
13 22 1
13 21 1
13 32 1
13 14 1
13 44 1
13 28 1
13 33 1
13 29 1
13 48 1
13 37 1
13 46 1
14 24 1
14 41 1
14 32 1
14 18 1
14 48 1
14 28 1
14 30 1
14 47 1
14 22 1
14 21 1
14 26 1
14 39 1
14 46 1
15 39 1
15 23 1
15 35 1
15 31 1
15 47 1
15 19 1
15 25 1
15 20 1
15 42 1
15 32 1
15 41 1
15 17 1
15 33 1
15 46 1
16 36 1
16 29 1
16 50 1
16 26 1
16 18 1
16 48 1
16 17 1
16 23 1
16 49 1
16 27 1
16 32 1
16 25 1
16 37 1
16 42 1
16 28 1
17 34 1
17 20 1
17 23 1
17 28 1
17 37 1
17 24 1
17 48 1
17 39 1
17 42 1
17 47 1
17 38 1
17 49 1
17 25 1
17 46 1
17 22 1
17 40 1
18 34 1
18 45 1
18 29 1
18 39 1
18 46 1
18 43 1
18 20 1
18 50 1
18 27 1
19 50 1
19 29 1
19 40 1
19 30 1
19 31 1
19 43 1
19 25 1
19 45 1
19 38 1
19 23 1
19 41 1
20 44 1
20 40 1
20 24 1
20 28 1
20 38 1
20 30 1
20 26 1
20 42 1
20 34 1
20 43 1
20 47 1
20 41 1
20 22 1
20 25 1
21 40 1
21 31 1
21 33 1
21 42 1
21 35 1
21 28 1
21 25 1
21 32 1
21 24 1
21 29 1
21 36 1
22 44 1
22 48 1
22 39 1
22 32 1
22 24 1
22 29 1
22 41 1
22 46 1
22 35 1
22 36 1
22 38 1
22 31 1
23 38 1
23 46 1
23 37 1
23 26 1
23 24 1
23 33 1
23 30 1
23 25 1
23 42 1
23 45 1
23 43 1
23 31 1
23 49 1
24 31 1
24 26 1
24 35 1
24 39 1
24 34 1
24 38 1
24 25 1
24 41 1
24 27 1
24 33 1
24 42 1
24 49 1
25 39 1
25 30 1
25 37 1
25 45 1
25 34 1
25 50 1
25 36 1
25 33 1
25 47 1
25 31 1
26 45 1
26 31 1
26 32 1
26 30 1
26 40 1
26 34 1
26 48 1
26 36 1
26 46 1
27 49 1
27 31 1
27 44 1
27 29 1
27 35 1
27 46 1
27 32 1
27 47 1
28 31 1
28 36 1
28 29 1
28 46 1
28 33 1
28 49 1
28 42 1
28 50 1
28 34 1
29 32 1
29 39 1
29 47 1
29 44 1
29 38 1
29 50 1
29 37 1
29 35 1
29 36 1
29 34 1
29 49 1
30 44 1
30 48 1
30 36 1
30 31 1
30 42 1
30 38 1
30 35 1
30 49 1
31 46 1
31 36 1
31 32 1
31 33 1
31 47 1
31 38 1
32 43 1
32 40 1
32 33 1
32 50 1
32 47 1
33 46 1
33 44 1
33 34 1
33 48 1
34 50 1
34 45 1
34 36 1
34 49 1
34 47 1
34 43 1
34 46 1
35 48 1
35 43 1
35 49 1
35 45 1
35 47 1
35 50 1
35 40 1
36 42 1
36 50 1
36 46 1
36 47 1
36 43 1
36 38 1
37 43 1
37 50 1
37 38 1
38 39 1
38 48 1
38 42 1
38 44 1
38 45 1
38 40 1
38 46 1
39 49 1
39 50 1
39 44 1
40 46 1
40 48 1
40 45 1
40 49 1
40 44 1
41 46 1
41 49 1
41 43 1
41 47 1
42 46 1
42 49 1
44 47 1
45 49 1
46 48 1
47 50 1
48 50 1
