# 100 1980
1 83 1
1 66 1
1 36 1
1 59 1
1 7 1
1 86 1
1 97 1
1 50 1
1 75 1
1 62 1
1 92 1
1 10 1
1 64 1
1 85 1
1 93 1
1 90 1
1 21 1
1 3 1
1 43 1
1 42 1
1 23 1
1 40 1
1 15 1
1 58 1
1 69 1
1 73 1
1 76 1
1 96 1
1 77 1
1 54 1
1 49 1
1 79 1
1 5 1
1 45 1
1 30 1
1 8 1
1 27 1
1 71 1
1 65 1
2 90 1
2 16 1
2 7 1
2 54 1
2 85 1
2 69 1
2 83 1
2 12 1
2 84 1
2 78 1
2 31 1
2 87 1
2 18 1
2 62 1
2 21 1
2 42 1
2 32 1
2 96 1
2 63 1
2 88 1
2 46 1
2 76 1
2 39 1
2 94 1
2 36 1
2 55 1
2 3 1
2 53 1
2 59 1
2 19 1
2 50 1
2 95 1
2 29 1
2 10 1
2 48 1
2 61 1
2 30 1
2 91 1
2 27 1
2 17 1
3 58 1
3 51 1
3 23 1
3 99 1
3 46 1
3 73 1
3 92 1
3 11 1
3 79 1
3 81 1
3 52 1
3 66 1
3 91 1
3 5 1
3 29 1
3 67 1
3 10 1
3 89 1
3 20 1
3 42 1
3 53 1
3 41 1
3 63 1
3 39 1
3 19 1
3 25 1
3 44 1
3 95 1
3 62 1
3 28 1
3 83 1
3 48 1
3 56 1
3 94 1
3 12 1
3 32 1
3 60 1
3 6 1
3 97 1
3 43 1
3 16 1
3 9 1
3 61 1
3 18 1
3 33 1
3 98 1
3 7 1
4 11 1
4 66 1
4 75 1
4 55 1
4 56 1
4 54 1
4 82 1
4 32 1
4 6 1
4 57 1
4 74 1
4 35 1
4 17 1
4 18 1
4 67 1
4 73 1
4 62 1
4 58 1
4 76 1
4 44 1
4 41 1
4 65 1
4 12 1
4 99 1
4 48 1
4 19 1
4 8 1
4 69 1
4 23 1
4 39 1
4 89 1
4 13 1
4 100 1
5 56 1
5 22 1
5 57 1
5 21 1
5 31 1
5 96 1
5 64 1
5 17 1
5 58 1
5 70 1
5 97 1
5 44 1
5 59 1
5 19 1
5 72 1
5 95 1
5 60 1
5 69 1
5 28 1
5 84 1
5 46 1
5 8 1
5 67 1
5 47 1
5 98 1
5 62 1
5 9 1
5 91 1
5 25 1
5 77 1
5 89 1
5 55 1
5 78 1
5 79 1
5 88 1
5 76 1
6 16 1
6 69 1
6 94 1
6 10 1
6 41 1
6 96 1
6 26 1
6 95 1
6 97 1
6 76 1
6 9 1
6 43 1
6 98 1
6 70 1
6 81 1
6 92 1
6 29 1
6 12 1
6 38 1
6 86 1
6 40 1
6 37 1
6 73 1
6 36 1
6 24 1
6 58 1
6 79 1
6 34 1
6 63 1
6 68 1
6 53 1
6 60 1
6 93 1
6 100 1
6 55 1
7 21 1
7 88 1
7 74 1
7 73 1
7 95 1
7 64 1
7 65 1
7 11 1
7 43 1
7 100 1
7 33 1
7 13 1
7 55 1
7 58 1
7 97 1
7 68 1
7 87 1
7 25 1
7 79 1
7 91 1
7 52 1
7 71 1
7 61 1
7 77 1
7 38 1
7 82 1
7 23 1
7 81 1
7 10 1
7 76 1
7 14 1
7 94 1
7 93 1
8 49 1
8 42 1
8 86 1
8 24 1
8 84 1
8 16 1
8 53 1
8 52 1
8 45 1
8 71 1
8 94 1
8 85 1
8 13 1
8 88 1
8 81 1
8 21 1
8 48 1
8 63 1
8 65 1
8 99 1
8 17 1
8 91 1
8 97 1
8 33 1
8 76 1
8 34 1
8 31 1
8 70 1
8 87 1
8 60 1
9 45 1
9 15 1
9 78 1
9 63 1
9 32 1
9 88 1
9 72 1
9 86 1
9 49 1
9 22 1
9 43 1
9 98 1
9 29 1
9 76 1
9 44 1
9 74 1
9 89 1
9 69 1
9 30 1
9 95 1
9 90 1
9 59 1
9 54 1
9 41 1
9 58 1
9 48 1
9 42 1
9 27 1
9 50 1
9 24 1
9 57 1
9 99 1
9 73 1
9 68 1
9 47 1
9 94 1
9 75 1
9 18 1
9 91 1
10 71 1
10 12 1
10 55 1
10 37 1
10 22 1
10 23 1
10 65 1
10 13 1
10 41 1
10 63 1
10 61 1
10 45 1
10 46 1
10 47 1
10 60 1
10 38 1
10 30 1
10 62 1
10 57 1
10 83 1
10 87 1
10 14 1
10 27 1
10 44 1
10 79 1
10 100 1
10 53 1
10 66 1
10 90 1
10 70 1
10 56 1
10 28 1
10 93 1
10 29 1
10 88 1
10 95 1
10 80 1
10 20 1
10 32 1
10 35 1
10 74 1
10 94 1
10 73 1
10 64 1
11 46 1
11 17 1
11 56 1
11 47 1
11 72 1
11 38 1
11 98 1
11 33 1
11 87 1
11 75 1
11 36 1
11 66 1
11 82 1
11 42 1
11 52 1
11 28 1
11 88 1
11 22 1
11 51 1
11 40 1
11 77 1
11 48 1
11 20 1
11 35 1
11 62 1
11 45 1
11 100 1
11 15 1
11 59 1
11 49 1
11 67 1
11 99 1
11 90 1
11 37 1
11 18 1
12 31 1
12 21 1
12 48 1
12 86 1
12 40 1
12 100 1
12 32 1
12 22 1
12 23 1
12 42 1
12 61 1
12 55 1
12 74 1
12 56 1
12 94 1
12 24 1
12 35 1
12 73 1
12 71 1
12 66 1
12 91 1
12 47 1
12 96 1
12 62 1
12 98 1
12 70 1
12 28 1
12 81 1
12 50 1
12 88 1
12 83 1
12 75 1
12 53 1
12 33 1
12 41 1
12 95 1
12 64 1
12 59 1
12 49 1
12 85 1
12 60 1
13 25 1
13 82 1
13 99 1
13 31 1
13 95 1
13 90 1
13 17 1
13 35 1
13 86 1
13 57 1
13 45 1
13 65 1
13 78 1
13 58 1
13 74 1
13 51 1
13 20 1
13 97 1
13 56 1
13 36 1
13 60 1
13 52 1
13 19 1
13 18 1
13 75 1
13 15 1
13 55 1
13 67 1
13 39 1
13 47 1
13 88 1
13 84 1
13 38 1
13 63 1
13 30 1
13 48 1
13 29 1
13 72 1
13 21 1
13 44 1
13 37 1
13 46 1
14 39 1
14 17 1
14 33 1
14 23 1
14 92 1
14 19 1
14 88 1
14 31 1
14 87 1
14 40 1
14 84 1
14 53 1
14 97 1
14 64 1
14 44 1
14 21 1
14 38 1
14 75 1
14 47 1
14 78 1
14 30 1
14 96 1
14 56 1
14 54 1
15 64 1
15 52 1
15 78 1
15 35 1
15 83 1
15 56 1
15 26 1
15 36 1
15 38 1
15 48 1
15 92 1
15 16 1
15 42 1
15 31 1
15 23 1
15 79 1
15 71 1
15 80 1
15 68 1
15 93 1
15 44 1
15 28 1
15 90 1
15 34 1
15 81 1
15 60 1
15 91 1
15 85 1
15 69 1
15 75 1
15 20 1
15 33 1
15 17 1
15 96 1
16 71 1
16 84 1
16 17 1
16 93 1
16 96 1
16 81 1
16 36 1
16 38 1
16 30 1
16 86 1
16 39 1
16 91 1
16 48 1
16 83 1
16 75 1
16 100 1
16 70 1
16 46 1
16 50 1
16 97 1
16 29 1
16 61 1
16 44 1
16 94 1
16 60 1
16 57 1
16 35 1
16 99 1
16 63 1
16 76 1
16 66 1
16 73 1
16 92 1
16 32 1
17 40 1
17 76 1
17 18 1
17 67 1
17 38 1
17 30 1
17 31 1
17 70 1
17 88 1
17 65 1
17 77 1
17 94 1
17 51 1
17 43 1
17 78 1
17 87 1
17 27 1
17 96 1
17 20 1
17 28 1
17 69 1
17 97 1
17 24 1
17 100 1
17 71 1
17 61 1
17 37 1
17 98 1
17 54 1
17 42 1
17 22 1
17 72 1
17 55 1
18 57 1
18 26 1
18 23 1
18 37 1
18 44 1
18 71 1
18 25 1
18 33 1
18 53 1
18 74 1
18 54 1
18 20 1
18 31 1
18 24 1
18 70 1
18 93 1
18 67 1
18 59 1
18 76 1
18 49 1
18 69 1
18 63 1
18 87 1
18 95 1
18 96 1
18 66 1
18 56 1
18 43 1
19 64 1
19 72 1
19 21 1
19 70 1
19 45 1
19 38 1
19 96 1
19 37 1
19 55 1
19 47 1
19 52 1
19 26 1
19 98 1
19 31 1
19 75 1
19 59 1
19 32 1
19 43 1
19 92 1
19 60 1
19 63 1
19 42 1
19 79 1
19 51 1
19 85 1
19 50 1
19 61 1
19 23 1
19 25 1
19 88 1
19 41 1
19 56 1
20 66 1
20 55 1
20 69 1
20 72 1
20 52 1
20 50 1
20 31 1
20 32 1
20 46 1
20 78 1
20 57 1
20 37 1
20 91 1
20 93 1
20 35 1
20 73 1
20 36 1
20 99 1
20 76 1
20 94 1
20 87 1
20 33 1
20 45 1
20 80 1
20 97 1
20 44 1
20 40 1
20 54 1
20 59 1
20 28 1
20 68 1
20 38 1
20 30 1
20 26 1
20 84 1
20 47 1
20 75 1
21 50 1
21 96 1
21 43 1
21 36 1
21 27 1
21 84 1
21 72 1
21 23 1
21 48 1
21 25 1
21 64 1
21 65 1
21 38 1
21 28 1
21 99 1
21 69 1
21 22 1
21 83 1
21 42 1
21 85 1
21 78 1
21 52 1
21 32 1
21 86 1
21 57 1
22 53 1
22 98 1
22 83 1
22 70 1
22 51 1
22 76 1
22 57 1
22 100 1
22 64 1
22 80 1
22 74 1
22 67 1
22 62 1
22 77 1
22 39 1
22 78 1
22 84 1
22 81 1
22 40 1
22 48 1
22 95 1
22 46 1
22 33 1
22 94 1
22 96 1
22 55 1
22 82 1
22 24 1
22 41 1
22 36 1
22 86 1
23 63 1
23 48 1
23 33 1
23 87 1
23 75 1
23 68 1
23 41 1
23 77 1
23 40 1
23 92 1
23 28 1
23 81 1
23 100 1
23 85 1
23 56 1
23 64 1
23 90 1
23 67 1
23 44 1
23 98 1
23 49 1
23 80 1
23 97 1
23 96 1
23 37 1
23 51 1
23 76 1
23 53 1
23 66 1
23 24 1
23 42 1
23 95 1
23 43 1
23 69 1
23 62 1
23 54 1
24 30 1
24 93 1
24 74 1
24 46 1
24 48 1
24 36 1
24 44 1
24 91 1
24 45 1
24 87 1
24 54 1
24 70 1
24 83 1
24 59 1
24 64 1
24 81 1
24 56 1
24 67 1
24 26 1
24 85 1
24 89 1
24 55 1
24 53 1
24 75 1
24 42 1
24 41 1
24 77 1
24 33 1
24 49 1
25 68 1
25 93 1
25 85 1
25 65 1
25 97 1
25 33 1
25 37 1
25 99 1
25 42 1
25 77 1
25 39 1
25 89 1
25 80 1
25 81 1
25 45 1
25 36 1
25 67 1
25 66 1
25 31 1
26 100 1
26 64 1
26 88 1
26 83 1
26 90 1
26 97 1
26 98 1
26 28 1
26 93 1
26 42 1
26 54 1
26 27 1
26 33 1
26 72 1
26 68 1
26 80 1
26 36 1
26 56 1
26 84 1
26 45 1
26 31 1
26 53 1
26 60 1
26 58 1
26 86 1
27 42 1
27 51 1
27 90 1
27 85 1
27 78 1
27 53 1
27 52 1
27 58 1
27 40 1
27 64 1
27 98 1
27 92 1
27 65 1
27 61 1
27 56 1
27 70 1
27 88 1
27 41 1
27 67 1
27 48 1
27 79 1
27 63 1
27 99 1
27 81 1
27 44 1
27 62 1
27 46 1
27 66 1
27 82 1
27 97 1
28 30 1
28 36 1
28 82 1
28 45 1
28 44 1
28 63 1
28 88 1
28 58 1
28 79 1
28 35 1
28 83 1
28 41 1
28 42 1
28 37 1
28 91 1
28 31 1
28 90 1
28 67 1
28 29 1
28 87 1
28 75 1
28 65 1
28 60 1
28 78 1
28 85 1
28 80 1
28 93 1
28 34 1
28 51 1
28 46 1
28 84 1
28 50 1
29 38 1
29 86 1
29 69 1
29 55 1
29 47 1
29 81 1
29 96 1
29 41 1
29 67 1
29 93 1
29 95 1
29 73 1
29 65 1
29 72 1
29 32 1
29 40 1
29 82 1
29 33 1
29 49 1
29 63 1
29 75 1
29 42 1
29 44 1
29 89 1
29 68 1
29 79 1
29 53 1
29 77 1
29 78 1
29 59 1
29 88 1
29 50 1
29 37 1
29 51 1
30 70 1
30 72 1
30 64 1
30 78 1
30 93 1
30 92 1
30 96 1
30 67 1
30 94 1
30 33 1
30 61 1
30 39 1
30 83 1
30 99 1
30 42 1
30 53 1
30 34 1
30 54 1
30 44 1
30 76 1
30 82 1
30 65 1
30 80 1
30 69 1
30 73 1
30 81 1
30 35 1
30 38 1
30 85 1
30 49 1
31 55 1
31 74 1
31 33 1
31 90 1
31 41 1
31 99 1
31 38 1
31 57 1
31 56 1
31 32 1
31 48 1
31 44 1
31 52 1
31 67 1
31 87 1
31 64 1
31 61 1
31 66 1
31 97 1
31 58 1
31 35 1
31 81 1
31 42 1
31 43 1
31 88 1
31 78 1
31 71 1
31 86 1
31 77 1
31 53 1
31 82 1
31 65 1
31 83 1
31 47 1
32 84 1
32 69 1
32 89 1
32 60 1
32 37 1
32 49 1
32 41 1
32 91 1
32 52 1
32 80 1
32 86 1
32 51 1
32 35 1
32 72 1
32 34 1
32 78 1
32 68 1
32 79 1
32 64 1
32 71 1
32 59 1
32 65 1
32 63 1
32 97 1
32 50 1
32 47 1
33 89 1
33 44 1
33 58 1
33 54 1
33 56 1
33 69 1
33 38 1
33 99 1
33 82 1
33 61 1
33 36 1
33 90 1
33 81 1
33 39 1
33 60 1
33 83 1
33 84 1
33 55 1
33 51 1
33 67 1
33 76 1
33 37 1
33 57 1
33 46 1
33 100 1
33 87 1
33 96 1
33 78 1
33 73 1
33 75 1
33 63 1
33 65 1
33 98 1
34 73 1
34 96 1
34 36 1
34 91 1
34 51 1
34 39 1
34 87 1
34 90 1
34 97 1
34 77 1
34 63 1
34 69 1
34 42 1
34 54 1
34 68 1
34 57 1
34 95 1
34 93 1
34 74 1
34 86 1
34 53 1
34 84 1
34 76 1
34 79 1
34 78 1
35 94 1
35 40 1
35 83 1
35 58 1
35 74 1
35 92 1
35 67 1
35 78 1
35 46 1
35 42 1
35 76 1
35 38 1
35 52 1
35 36 1
35 81 1
35 48 1
35 65 1
35 99 1
35 55 1
35 93 1
35 95 1
35 53 1
35 72 1
35 79 1
35 50 1
35 90 1
36 98 1
36 57 1
36 47 1
36 92 1
36 69 1
36 77 1
36 45 1
36 91 1
36 48 1
36 67 1
36 70 1
36 68 1
36 39 1
36 65 1
36 54 1
36 66 1
36 78 1
36 63 1
36 96 1
36 75 1
36 80 1
36 53 1
36 97 1
36 84 1
36 72 1
36 38 1
36 79 1
37 42 1
37 84 1
37 62 1
37 53 1
37 47 1
37 92 1
37 64 1
37 54 1
37 93 1
37 41 1
37 86 1
37 39 1
37 95 1
37 61 1
37 96 1
37 46 1
37 73 1
37 40 1
37 87 1
37 38 1
37 66 1
38 60 1
38 57 1
38 69 1
38 46 1
38 73 1
38 70 1
38 71 1
38 88 1
38 61 1
38 43 1
38 100 1
38 75 1
38 59 1
38 56 1
38 90 1
38 39 1
38 80 1
38 94 1
38 51 1
38 95 1
38 40 1
38 72 1
38 81 1
39 60 1
39 63 1
39 97 1
39 41 1
39 90 1
39 50 1
39 85 1
39 61 1
39 49 1
39 79 1
39 76 1
39 91 1
39 93 1
39 98 1
39 88 1
39 87 1
39 67 1
39 99 1
39 64 1
40 44 1
40 65 1
40 72 1
40 84 1
40 62 1
40 63 1
40 58 1
40 67 1
40 49 1
40 99 1
40 51 1
40 100 1
40 85 1
40 57 1
40 71 1
40 69 1
40 52 1
40 96 1
40 98 1
40 88 1
40 95 1
40 76 1
40 55 1
41 93 1
41 53 1
41 74 1
41 44 1
41 59 1
41 57 1
41 80 1
41 56 1
41 90 1
41 76 1
41 89 1
41 55 1
41 68 1
41 61 1
41 83 1
41 75 1
41 87 1
41 88 1
41 46 1
41 97 1
41 99 1
41 65 1
41 70 1
41 54 1
41 43 1
41 52 1
41 47 1
42 82 1
42 62 1
42 65 1
42 84 1
42 69 1
42 100 1
42 79 1
42 76 1
42 49 1
42 47 1
42 56 1
42 64 1
42 61 1
42 81 1
42 66 1
42 86 1
42 85 1
42 88 1
42 48 1
42 63 1
42 55 1
42 80 1
42 74 1
42 99 1
43 79 1
43 99 1
43 71 1
43 49 1
43 62 1
43 76 1
43 50 1
43 46 1
43 70 1
43 66 1
43 61 1
43 82 1
43 48 1
43 87 1
43 83 1
43 72 1
43 45 1
43 60 1
43 94 1
43 57 1
43 90 1
43 98 1
43 65 1
43 51 1
43 84 1
43 86 1
44 70 1
44 78 1
44 75 1
44 52 1
44 58 1
44 61 1
44 55 1
44 85 1
44 60 1
44 56 1
44 62 1
44 63 1
44 59 1
44 82 1
44 65 1
44 53 1
44 88 1
44 73 1
44 64 1
44 80 1
44 79 1
44 54 1
44 89 1
44 90 1
45 58 1
45 94 1
45 83 1
45 78 1
45 91 1
45 71 1
45 56 1
45 65 1
45 47 1
45 74 1
45 49 1
45 69 1
45 98 1
45 61 1
45 57 1
45 50 1
45 92 1
45 60 1
45 90 1
45 75 1
45 95 1
45 51 1
45 99 1
46 98 1
46 89 1
46 84 1
46 64 1
46 100 1
46 80 1
46 74 1
46 70 1
46 52 1
46 71 1
46 97 1
46 79 1
46 93 1
46 51 1
46 72 1
46 81 1
46 92 1
46 60 1
46 91 1
46 67 1
46 88 1
46 76 1
47 91 1
47 58 1
47 88 1
47 83 1
47 92 1
47 54 1
47 93 1
47 66 1
47 68 1
47 87 1
47 81 1
47 65 1
47 67 1
47 86 1
47 64 1
47 85 1
47 50 1
47 60 1
48 76 1
48 99 1
48 70 1
48 69 1
48 93 1
48 80 1
48 75 1
48 68 1
48 67 1
48 92 1
48 50 1
48 65 1
48 87 1
48 74 1
48 83 1
48 60 1
48 72 1
48 98 1
48 100 1
48 66 1
48 64 1
48 55 1
48 96 1
49 98 1
49 65 1
49 94 1
49 67 1
49 70 1
49 80 1
49 50 1
49 55 1
49 92 1
49 100 1
49 87 1
49 63 1
49 96 1
49 74 1
49 64 1
49 69 1
49 78 1
49 85 1
49 84 1
49 95 1
49 60 1
49 90 1
49 79 1
49 73 1
50 54 1
50 90 1
50 67 1
50 82 1
50 66 1
50 55 1
50 72 1
50 79 1
50 64 1
50 94 1
50 100 1
50 86 1
50 58 1
50 96 1
50 98 1
50 84 1
50 52 1
50 75 1
50 59 1
51 96 1
51 71 1
51 88 1
51 69 1
51 52 1
51 56 1
51 86 1
51 76 1
51 78 1
51 66 1
51 75 1
51 61 1
51 72 1
51 87 1
51 89 1
51 91 1
51 73 1
51 63 1
51 80 1
51 77 1
51 98 1
51 92 1
52 86 1
52 95 1
52 85 1
52 71 1
52 59 1
52 75 1
52 78 1
52 54 1
52 60 1
52 72 1
52 67 1
52 63 1
52 90 1
52 84 1
52 93 1
52 82 1
52 94 1
52 91 1
52 73 1
52 81 1
52 87 1
53 63 1
53 81 1
53 64 1
53 65 1
53 82 1
53 73 1
53 55 1
53 91 1
53 95 1
53 66 1
53 69 1
53 54 1
53 83 1
53 57 1
53 92 1
53 56 1
53 96 1
53 67 1
53 78 1
53 79 1
53 58 1
53 87 1
53 68 1
53 84 1
53 62 1
53 94 1
54 90 1
54 61 1
54 76 1
54 97 1
54 99 1
54 100 1
54 72 1
54 57 1
54 98 1
54 56 1
54 58 1
54 60 1
54 92 1
54 67 1
54 63 1
54 85 1
54 79 1
54 68 1
54 74 1
54 78 1
55 87 1
55 79 1
55 71 1
55 65 1
55 67 1
55 76 1
55 93 1
55 57 1
55 60 1
55 68 1
55 78 1
55 89 1
55 77 1
55 86 1
55 96 1
55 69 1
56 79 1
56 98 1
56 84 1
56 89 1
56 81 1
56 88 1
56 85 1
56 77 1
56 72 1
56 96 1
56 75 1
56 65 1
56 87 1
56 97 1
56 68 1
56 86 1
56 71 1
56 74 1
56 58 1
56 99 1
56 83 1
56 80 1
57 90 1
57 87 1
57 62 1
57 74 1
57 81 1
57 91 1
57 100 1
57 99 1
57 94 1
57 65 1
57 64 1
57 97 1
57 77 1
57 84 1
58 76 1
58 93 1
58 98 1
58 77 1
58 74 1
58 75 1
58 83 1
58 67 1
58 60 1
58 99 1
58 97 1
58 79 1
58 96 1
58 68 1
58 73 1
58 92 1
59 67 1
59 63 1
59 98 1
59 88 1
59 68 1
59 62 1
59 65 1
59 72 1
59 99 1
59 77 1
59 96 1
59 61 1
59 90 1
59 83 1
59 100 1
59 91 1
60 94 1
60 88 1
60 82 1
60 62 1
60 76 1
60 70 1
60 100 1
60 98 1
60 83 1
60 86 1
60 87 1
60 89 1
60 99 1
60 61 1
61 65 1
61 67 1
61 62 1
61 70 1
61 88 1
61 85 1
61 81 1
61 91 1
61 78 1
61 98 1
61 95 1
61 99 1
61 68 1
61 89 1
61 69 1
61 71 1
61 79 1
61 72 1
61 93 1
61 90 1
62 82 1
62 74 1
62 64 1
62 77 1
62 92 1
62 98 1
62 75 1
62 68 1
62 71 1
62 67 1
62 63 1
62 86 1
63 73 1
63 90 1
63 70 1
63 67 1
63 82 1
63 91 1
63 80 1
63 69 1
63 95 1
63 97 1
63 83 1
63 85 1
63 93 1
63 64 1
63 78 1
63 79 1
63 98 1
64 75 1
64 99 1
64 66 1
64 81 1
64 83 1
64 97 1
64 87 1
64 77 1
64 65 1
64 91 1
64 89 1
64 68 1
64 72 1
64 71 1
64 76 1
65 96 1
65 87 1
65 85 1
65 70 1
65 91 1
65 66 1
65 75 1
65 76 1
65 98 1
65 77 1
65 80 1
65 89 1
65 73 1
65 92 1
66 68 1
66 98 1
66 90 1
66 88 1
66 70 1
66 81 1
66 86 1
66 75 1
66 74 1
66 76 1
66 71 1
66 84 1
66 87 1
66 79 1
66 100 1
66 67 1
66 99 1
66 92 1
66 78 1
67 96 1
67 72 1
67 83 1
67 91 1
67 84 1
67 70 1
67 73 1
67 78 1
67 88 1
67 99 1
67 90 1
68 97 1
68 72 1
68 94 1
68 91 1
68 76 1
68 98 1
68 89 1
68 96 1
68 100 1
68 77 1
69 96 1
69 85 1
69 70 1
69 84 1
69 90 1
69 82 1
69 89 1
69 88 1
69 79 1
69 81 1
69 93 1
69 95 1
70 76 1
70 88 1
70 71 1
70 81 1
70 77 1
70 80 1
70 98 1
70 82 1
70 74 1
70 92 1
70 93 1
70 72 1
71 96 1
71 100 1
71 73 1
71 99 1
71 98 1
71 85 1
71 95 1
71 83 1
71 75 1
71 74 1
71 79 1
72 92 1
72 86 1
72 99 1
72 85 1
72 100 1
72 80 1
72 89 1
72 79 1
72 91 1
72 96 1
72 88 1
72 81 1
73 89 1
73 96 1
73 82 1
73 91 1
73 74 1
73 79 1
73 76 1
73 92 1
73 88 1
73 75 1
73 81 1
74 98 1
74 99 1
74 75 1
74 100 1
74 76 1
74 77 1
74 88 1
74 91 1
75 93 1
75 85 1
75 96 1
75 80 1
75 87 1
75 84 1
75 100 1
75 97 1
76 99 1
76 100 1
76 81 1
76 88 1
76 84 1
76 82 1
76 80 1
76 98 1
77 97 1
77 86 1
77 90 1
77 99 1
77 85 1
78 80 1
78 79 1
78 94 1
78 95 1
78 91 1
78 84 1
78 92 1
79 85 1
79 88 1
79 81 1
79 87 1
79 86 1
79 94 1
79 91 1
79 95 1
79 97 1
80 89 1
80 95 1
80 93 1
80 87 1
80 85 1
80 88 1
80 98 1
81 98 1
81 90 1
81 94 1
81 88 1
81 93 1
81 85 1
81 97 1
81 99 1
81 86 1
82 89 1
82 95 1
82 91 1
82 94 1
82 96 1
82 93 1
82 90 1
82 83 1
82 100 1
83 96 1
83 85 1
83 99 1
83 94 1
83 84 1
84 93 1
84 98 1
84 89 1
84 97 1
84 96 1
85 87 1
85 89 1
85 97 1
85 95 1
85 92 1
86 97 1
86 92 1
86 100 1
86 88 1
87 96 1
87 98 1
87 93 1
87 100 1
88 90 1
88 97 1
88 98 1
88 92 1
89 95 1
89 98 1
89 97 1
89 100 1
90 99 1
90 100 1
90 95 1
90 92 1
90 96 1
91 92 1
91 98 1
91 100 1
91 97 1
92 98 1
92 96 1
92 93 1
92 99 1
93 97 1
93 95 1
94 97 1
95 100 1
95 96 1
96 97 1
97 100 1
98 100 1
98 99 1
