# 30 174
1 28 1
1 13 1
1 4 1
1 30 1
1 19 1
1 8 1
1 7 1
1 9 1
1 27 1
1 11 1
1 25 1
1 22 1
1 17 1
2 13 1
2 14 1
2 10 1
2 16 1
2 21 1
2 24 1
2 27 1
2 18 1
2 3 1
2 28 1
2 25 1
2 6 1
2 17 1
2 20 1
3 5 1
3 18 1
3 11 1
3 23 1
3 27 1
3 16 1
3 15 1
3 28 1
3 9 1
3 26 1
4 6 1
4 25 1
4 14 1
4 21 1
4 26 1
4 17 1
4 13 1
4 30 1
4 9 1
5 25 1
5 21 1
5 23 1
5 6 1
5 7 1
5 29 1
5 19 1
5 30 1
5 17 1
6 14 1
6 24 1
6 22 1
6 11 1
6 27 1
6 18 1
6 30 1
6 25 1
6 28 1
6 29 1
6 26 1
7 30 1
7 11 1
7 8 1
7 29 1
7 14 1
7 9 1
7 10 1
7 22 1
7 24 1
7 25 1
7 12 1
7 17 1
8 12 1
8 19 1
8 15 1
8 24 1
8 23 1
8 10 1
8 29 1
8 16 1
9 14 1
9 30 1
9 21 1
9 15 1
9 20 1
9 10 1
9 19 1
9 29 1
10 16 1
10 23 1
10 18 1
10 24 1
10 14 1
10 15 1
11 12 1
11 23 1
11 18 1
11 30 1
12 29 1
12 13 1
12 23 1
12 20 1
12 21 1
12 17 1
12 19 1
13 16 1
13 22 1
13 19 1
13 15 1
13 28 1
13 14 1
14 29 1
14 27 1
14 19 1
14 21 1
14 23 1
14 26 1
14 18 1
15 25 1
15 22 1
15 19 1
15 30 1
15 28 1
15 20 1
15 16 1
15 29 1
16 27 1
16 28 1
16 29 1
16 26 1
16 24 1
16 18 1
17 18 1
17 24 1
17 30 1
17 25 1
17 21 1
17 20 1
18 29 1
18 25 1
18 27 1
18 21 1
18 23 1
18 26 1
19 23 1
19 21 1
19 30 1
19 24 1
19 26 1
20 21 1
20 24 1
20 22 1
21 23 1
22 24 1
22 29 1
23 24 1
23 29 1
23 27 1
24 27 1
24 29 1
25 27 1
25 30 1
25 26 1
26 29 1
26 27 1
27 29 1
27 30 1
29 30 1
